pivot,indminNorm,TS,norms_0,norms_1,norms_2,norms_3,norms_4,norms_5,norms_6,norms_7,norms_8,norms_9,norms_10,norms_11,norms_12,norms_13,norms_14,norms_15,norms_16,norms_17,norms_18,norms_19,norms_20,norms_21,norms_22,norms_23,norms_24,norms_25,norms_26,norms_27,norms_28,norms_29,norms_30,norms_31,norms_32,norms_33,norms_34,norms_35,norms_36,norms_37,norms_38,norms_39,norms_40,norms_41,norms_42,norms_43,norms_44,norms_45,norms_46,norms_47,norms_48,norms_49,norms_50,norms_51,norms_52,norms_53,norms_54,norms_55,norms_56,norms_57,norms_58,norms_59,norms_60,norms_61,norms_62,norms_63,norms_64,norms_65,norms_66,norms_67,norms_68,norms_69,norms_70,norms_71,norms_72,norms_73,norms_74,norms_75,norms_76,norms_77,norms_78,norms_79,norms_80,norms_81,norms_82,norms_83,norms_84,norms_85,norms_86,norms_87,norms_88,norms_89,norms_90,norms_91,norms_92,norms_93,norms_94,norms_95,norms_96,norms_97,norms_98,norms_99,norms_100,norms_101,norms_102,norms_103,norms_104,norms_105,norms_106,norms_107,norms_108,norms_109,norms_110,norms_111,norms_112,norms_113,norms_114,norms_115,norms_116,norms_117,norms_118,norms_119,norms_120,norms_121,norms_122,norms_123,norms_124,norms_125,norms_126,norms_127,norms_128,norms_129,norms_130,norms_131,norms_132,norms_133,norms_134,norms_135,norms_136,norms_137,norms_138,norms_139,norms_140,norms_141,norms_142,norms_143,norms_144,norms_145,norms_146,norms_147,norms_148,norms_149,norms_150,norms_151,norms_152,norms_153,norms_154,norms_155,norms_156,norms_157,norms_158,norms_159,norms_160,norms_161,norms_162,norms_163,norms_164,norms_165,norms_166,norms_167,norms_168,norms_169,norms_170,norms_171,norms_172,norms_173,norms_174,norms_175,norms_176,norms_177,norms_178,norms_179,norms_180,norms_181,norms_182,norms_183,norms_184,norms_185,norms_186,norms_187,norms_188,norms_189,norms_190,norms_191,norms_192,norms_193,norms_194,norms_195,norms_196,norms_197,norms_198,norms_199,log_val_0,log_val_1,log_val_2,log_val_3,log_val_4,log_val_5,log_val_6,log_val_7,log_val_8,log_val_9,log_val_10,log_val_11,log_val_12,log_val_13,log_val_14,log_val_15,log_val_16,log_val_17,log_val_18,log_val_19,log_val_20,log_val_21,log_val_22,log_val_23,log_val_24,log_val_25,log_val_26,log_val_27,log_val_28,log_val_29,log_val_30,log_val_31,log_val_32,log_val_33,log_val_34,log_val_35,log_val_36,log_val_37,log_val_38,log_val_39,log_val_40,log_val_41,log_val_42,log_val_43,log_val_44,log_val_45,log_val_46,log_val_47,log_val_48,log_val_49,log_val_50,log_val_51,log_val_52,log_val_53,log_val_54,log_val_55,log_val_56,log_val_57,log_val_58,log_val_59,log_val_60,log_val_61,log_val_62,log_val_63,log_val_64,log_val_65,log_val_66,log_val_67,log_val_68,log_val_69,log_val_70,log_val_71,log_val_72,log_val_73,log_val_74,log_val_75,log_val_76,log_val_77,log_val_78,log_val_79,log_val_80,log_val_81,log_val_82,log_val_83,log_val_84,log_val_85,log_val_86,log_val_87,log_val_88,log_val_89,log_val_90,log_val_91,log_val_92,log_val_93,log_val_94,log_val_95,log_val_96,log_val_97,log_val_98,log_val_99,log_val_100,log_val_101,log_val_102,log_val_103,log_val_104,log_val_105,log_val_106,log_val_107,log_val_108,log_val_109,log_val_110,log_val_111,log_val_112,log_val_113,log_val_114,log_val_115,log_val_116,log_val_117,log_val_118,log_val_119,log_val_120,log_val_121,log_val_122,log_val_123,log_val_124,log_val_125,log_val_126,log_val_127,log_val_128,log_val_129,log_val_130,log_val_131,log_val_132,log_val_133,log_val_134,log_val_135,log_val_136,log_val_137,log_val_138,log_val_139,log_val_140,log_val_141,log_val_142,log_val_143,log_val_144,log_val_145,log_val_146,log_val_147,log_val_148,log_val_149,log_val_150,log_val_151,log_val_152,log_val_153,log_val_154,log_val_155,log_val_156,log_val_157,log_val_158,log_val_159,log_val_160,log_val_161,log_val_162,log_val_163,log_val_164,log_val_165,log_val_166,log_val_167,log_val_168,log_val_169,log_val_170,log_val_171,log_val_172,log_val_173,log_val_174,log_val_175,log_val_176,log_val_177,log_val_178,log_val_179,log_val_180,log_val_181,log_val_182,log_val_183,log_val_184,log_val_185,log_val_186,log_val_187,log_val_188,log_val_189,log_val_190,log_val_191,log_val_192,log_val_193,log_val_194,log_val_195,log_val_196,log_val_197,log_val_198,log_val_199
1.0,1.1181746768455569e-27,-0.024211764335632324,1e-35,1.2603829296797223e-35,1.5885651294280657e-35,2.0022003718155926e-35,2.523539170434766e-35,3.180625692794106e-35,4.008806328898497e-35,5.052631065335701e-35,6.368249944718586e-35,8.026433522257141e-35,1.0116379797662154e-34,1.275051240713018e-34,1.6070528182616385e-34,2.025501939230658e-34,2.5529080682395373e-34,3.2176417502507486e-34,4.055460735840827e-34,5.111433483440145e-34,6.442363508721423e-34,8.119844993184043e-34,1.0234114021054527e-33,1.2898902612533029e-33,1.625755666443807e-33,2.0490746898158546e-33,2.5826187606826748e-33,3.255088599835043e-33,4.102658105827224e-33,5.1709202428967764e-33,6.517339604882421e-33,8.214343584919388e-33,1.0353218432956615e-32,1.304901978014407e-32,1.6446761779946628e-32,2.0729217795953783e-32,2.6126752255633266e-32,3.2929712550971616e-32,4.1504047578504725e-32,5.23109930805628e-32,6.593188271333542e-32,8.30994194935342e-32,1.0473708979594487e-31,1.320088400831422e-31,1.6638168860761275e-31,2.097046401323239e-31,2.6430814869741027e-31,3.331294787934684e-31,4.198707084443906e-31,5.291978735958458e-31,6.669919663030115e-31,8.40665288561835e-31,1.0595601792776148e-30,1.3354515629299028e-30,1.6831803533309548e-30,2.1214517849106363e-30,2.673841615839944e-30,3.370064329271939e-30,4.247571552536894e-30,5.353566677410741e-30,6.747544053110686e-30,8.504489341802704e-30,1.0718913192051264e-29,1.3509935211980307e-29,1.702769172225898e-29,2.14614119785841e-29,2.704959730463132e-29,3.4092850697468217e-29,4.297004704320835e-29,5.415871378079487e-29,6.826071834272379e-29,8.603464416684527e-29,1.0843659686896087e-28,1.3667163564620101e-28,1.722585965398784e-28,2.17111794569451e-28,2.7364399970746664e-28,3.448962260405767e-28,4.347013158125017e-28,5.478901179593956e-28,6.9055135201623164e-28,8.703591361485184e-28,1.0969857978923819e-27,1.3826221737646592e-27,1.7426333860096615e-27,2.1963853724165514e-27,2.768286630392061e-27,3.489101213406781e-27,4.397603609302748e-27,5.5426645206631186e-27,6.985879746785235e-27,8.804883581643483e-27,1.109752496412079e-26,1.3987131026472415e-26,1.7629141180959443e-26,2.2219468609395284e-26,2.800503894183648e-26,3.5297073027306574e-26,4.4487828311275765e-26,5.60716993820547e-26,7.067181273927534e-26,8.907354638610458e-26,1.1226677735108112e-25,1.4149912974345788e-25,1.7834308769319203e-25,2.24780583354873e-25,2.8330961018393183e-25,3.57078596490047e-25,4.5005576757005255e-25,5.672426068491989e-25,7.1494289865975625e-25,9.011018251665037e-25,1.1357333583431121e-24,1.4314589375234815e-24,1.8041864093920682e-24,2.273965752357932e-24,2.8660676169482677e-24,3.6123426997094375e-24,4.5529350748669385e-24,5.7384416483024046e-24,7.232633896483577e-24,9.115888299750836e-24,1.1489510001873062e-23,1.448118227674536e-23,1.8251834943190536e-23,2.3004301197729215e-23,2.899422853882869e-23,3.654383070957262e-23,4.605922041145132e-23,5.805225516094907e-23,7.316807143427177e-23,9.22197882333434e-23,1.162322468679859e-22,1.4649713983072878e-22,1.8464249428955387e-22,2.327202478960412e-22,2.9331662783900604e-22,3.696912707195032e-22,4.659525668664668e-22,5.872786613189489e-22,7.401959996915683e-22,9.329304026284696e-22,1.1758495540521534e-21,1.48202070579886e-21,1.8679135990207925e-21,2.35428641432242e-21,2.9673024081888606e-21,3.7399373024788015e-21,4.713753134116748e-21,5.9411339849650395e-21,7.48810385759e-21,9.43787827777539e-21,1.1895340673703256e-20,1.499268432786047e-20,1.889652339691204e-20,2.3816855519761607e-20,3.0018358135756046e-20,3.783462617131933e-20,4.7686116977144546e-20,6.010276782070388e-20,7.575250258771951e-20,9.547716114208066e-20,1.2033778407775954e-19,1.516716888470924e-19,1.9116440753857115e-19,2.409403560239527e-19,3.036771118035473e-19,3.827494478516315e-19,4.824108704165393e-19,6.080224261649427e-19,7.6634108680074935e-19,9.658832241158708e-19,1.217382727739667e-18,1.5343684089300131e-18,1.93389175045524e-18,2.4374441501222216e-18,3.0721129988617718e-18,3.872038781812557e-18,4.8802515836544534e-18,6.150985788580504e-18,7.752597488629496e-18,9.771241535346501e-18,1.2315506032928312e-17,1.552225357427048e-17,1.956398343517073e-17,2.4658110758226038e-17,3.107866187782027e-17,3.917101490809261e-17,4.937047852839024e-17,6.222570836730231e-17,7.842822061337713e-17,9.884959046625586e-17,1.2458833642950133e-16,1.5702901247293775e-16,1.9791668678535656e-16,2.4945081352303164e-16,3.144035471591513e-16,3.9626886387014784e-16,4.99450511585516e-16,6.294988990221887e-16,7.934096665797524e-16,1e-15,374000154.4022914,374000154.39866704,374000154.39504087,374000154.39141613,374000154.38779,374000154.3841665,374000154.38053983,374000154.37691516,374000154.3732893,374000154.36966455,374000154.3660394,374000154.3624135,374000154.3587886,374000154.3551626,374000154.3515377,374000154.3479126,374000154.34428686,374000154.340662,374000154.3370371,374000154.3334117,374000154.3297853,374000154.32616043,374000154.3225353,374000154.3189094,374000154.3152848,374000154.3116589,374000154.3080348,374000154.30440944,374000154.3007836,374000154.29715693,374000154.2935313,374000154.2899067,374000154.2862804,374000154.2826546,374000154.27902985,374000154.27540344,374000154.27177745,374000154.2681522,374000154.2645289,374000154.26088846,374000154.2572481,374000154.25363356,374000154.2500294,374000154.24642515,374000154.24274874,374000154.23911923,374000154.23553026,374000154.23194236,374000154.22828364,374000154.2246737,374000154.22106975,374000154.2174551,374000154.21385735,374000154.2102391,374000154.20657486,374000154.203018,374000154.1995172,374000154.19596946,374000154.19242764,374000154.18875235,374000154.1854306,374000154.1816599,374000154.1781704,374000154.1747975,374000154.17102593,374000154.1676544,374000154.16455114,374000154.161261,374000154.1582645,374000154.15478134,374000154.15193504,374000154.14894295,374000154.1463776,374000154.14377344,374000154.14087033,374000154.1388272,374000154.1372466,374000154.1364794,374000154.1357408,374000154.1364569,374000154.1397093,374000154.14324385,374000154.145251,374000154.1488568,374000154.15423286,374000154.1621191,374000154.1695566,374000154.180857,374000154.19471014,374000154.2134855,374000154.2390454,374000154.26610655,374000154.3013644,374000154.34563017,374000154.4091269,374000154.47757137,374000154.56621623,374000154.6816883,374000154.834352,374000155.0126111,374000155.2461776,374000155.5335809,374000155.9005948,374000156.36745226,374000156.954936,374000157.6904159,374000158.61586,374000159.78936565,374000161.2742722,374000163.17246616,374000165.5708439,374000168.6456704,374000172.6001285,374000177.6826785,374000184.27935255,374000192.88372576,374000204.1991068,374000219.21274525,374000239.3058338,374000266.5041099,374000303.753103,374000355.34923357,374000427.74886346,374000530.61715865,374000678.47795796,374000893.3697853,374001208.7924887,374001675.54519695,374002370.65973705,374003411.92804897,374004978.237928,374007340.6040205,374010908.40526783,374016297.7812282,374024433.1759336,374036696.8222785,374055109.53196806,374082435.6592443,374122498.8952003,374181064.51472706,374265684.0125097,374388275.76957566,374566933.01215094,374827910.9521084,375203949.4474251,375734454.9984931,376480667.5065941,377538110.79817873,379048398.90664566,381198701.39788955,384243480.83604455,388536165.9595606,394400117.9626477,402422860.02346987,413328023.03474563,428260216.6776319,448931942.14490414,477782480.31771976,515744384.7732354,565624054.3420979,632350375.1055396,722825266.7278869,846680393.9901081,1017224562.9735328,1252855234.4696782,1579044780.955684,2030735888.9769063,2655608122.622979,3518345811.5735745,4705101642.942817,6315030039.04856,8472020336.614278,11363683870.50431,15179344540.244005,19811225906.323067,25171956876.57646,31370213402.588936,38584715365.63258,46977135395.160355,56774491592.61822,68189396321.56694,81128866204.4615,94181260962.1826,107246341060.70837,120327655510.83548,133424967611.45221,146523380495.85968,159621793380.2665,172720206264.67386,185818619149.0807,198917032033.4882,212015444917.8951,225113857802.3026,238212270686.70935,251310683571.1167,264409096455.5238,277507509339.9312,290605922224.33813,303704335108.74536,316802747993.1525
5.0,6.81161379223137e-30,-0.020844101905822754,1e-35,1.2603829296797223e-35,1.5885651294280657e-35,2.0022003718155926e-35,2.523539170434766e-35,3.180625692794106e-35,4.008806328898497e-35,5.052631065335701e-35,6.368249944718586e-35,8.026433522257141e-35,1.0116379797662154e-34,1.275051240713018e-34,1.6070528182616385e-34,2.025501939230658e-34,2.5529080682395373e-34,3.2176417502507486e-34,4.055460735840827e-34,5.111433483440145e-34,6.442363508721423e-34,8.119844993184043e-34,1.0234114021054527e-33,1.2898902612533029e-33,1.625755666443807e-33,2.0490746898158546e-33,2.5826187606826748e-33,3.255088599835043e-33,4.102658105827224e-33,5.1709202428967764e-33,6.517339604882421e-33,8.214343584919388e-33,1.0353218432956615e-32,1.304901978014407e-32,1.6446761779946628e-32,2.0729217795953783e-32,2.6126752255633266e-32,3.2929712550971616e-32,4.1504047578504725e-32,5.23109930805628e-32,6.593188271333542e-32,8.30994194935342e-32,1.0473708979594487e-31,1.320088400831422e-31,1.6638168860761275e-31,2.097046401323239e-31,2.6430814869741027e-31,3.331294787934684e-31,4.198707084443906e-31,5.291978735958458e-31,6.669919663030115e-31,8.40665288561835e-31,1.0595601792776148e-30,1.3354515629299028e-30,1.6831803533309548e-30,2.1214517849106363e-30,2.673841615839944e-30,3.370064329271939e-30,4.247571552536894e-30,5.353566677410741e-30,6.747544053110686e-30,8.504489341802704e-30,1.0718913192051264e-29,1.3509935211980307e-29,1.702769172225898e-29,2.14614119785841e-29,2.704959730463132e-29,3.4092850697468217e-29,4.297004704320835e-29,5.415871378079487e-29,6.826071834272379e-29,8.603464416684527e-29,1.0843659686896087e-28,1.3667163564620101e-28,1.722585965398784e-28,2.17111794569451e-28,2.7364399970746664e-28,3.448962260405767e-28,4.347013158125017e-28,5.478901179593956e-28,6.9055135201623164e-28,8.703591361485184e-28,1.0969857978923819e-27,1.3826221737646592e-27,1.7426333860096615e-27,2.1963853724165514e-27,2.768286630392061e-27,3.489101213406781e-27,4.397603609302748e-27,5.5426645206631186e-27,6.985879746785235e-27,8.804883581643483e-27,1.109752496412079e-26,1.3987131026472415e-26,1.7629141180959443e-26,2.2219468609395284e-26,2.800503894183648e-26,3.5297073027306574e-26,4.4487828311275765e-26,5.60716993820547e-26,7.067181273927534e-26,8.907354638610458e-26,1.1226677735108112e-25,1.4149912974345788e-25,1.7834308769319203e-25,2.24780583354873e-25,2.8330961018393183e-25,3.57078596490047e-25,4.5005576757005255e-25,5.672426068491989e-25,7.1494289865975625e-25,9.011018251665037e-25,1.1357333583431121e-24,1.4314589375234815e-24,1.8041864093920682e-24,2.273965752357932e-24,2.8660676169482677e-24,3.6123426997094375e-24,4.5529350748669385e-24,5.7384416483024046e-24,7.232633896483577e-24,9.115888299750836e-24,1.1489510001873062e-23,1.448118227674536e-23,1.8251834943190536e-23,2.3004301197729215e-23,2.899422853882869e-23,3.654383070957262e-23,4.605922041145132e-23,5.805225516094907e-23,7.316807143427177e-23,9.22197882333434e-23,1.162322468679859e-22,1.4649713983072878e-22,1.8464249428955387e-22,2.327202478960412e-22,2.9331662783900604e-22,3.696912707195032e-22,4.659525668664668e-22,5.872786613189489e-22,7.401959996915683e-22,9.329304026284696e-22,1.1758495540521534e-21,1.48202070579886e-21,1.8679135990207925e-21,2.35428641432242e-21,2.9673024081888606e-21,3.7399373024788015e-21,4.713753134116748e-21,5.9411339849650395e-21,7.48810385759e-21,9.43787827777539e-21,1.1895340673703256e-20,1.499268432786047e-20,1.889652339691204e-20,2.3816855519761607e-20,3.0018358135756046e-20,3.783462617131933e-20,4.7686116977144546e-20,6.010276782070388e-20,7.575250258771951e-20,9.547716114208066e-20,1.2033778407775954e-19,1.516716888470924e-19,1.9116440753857115e-19,2.409403560239527e-19,3.036771118035473e-19,3.827494478516315e-19,4.824108704165393e-19,6.080224261649427e-19,7.6634108680074935e-19,9.658832241158708e-19,1.217382727739667e-18,1.5343684089300131e-18,1.93389175045524e-18,2.4374441501222216e-18,3.0721129988617718e-18,3.872038781812557e-18,4.8802515836544534e-18,6.150985788580504e-18,7.752597488629496e-18,9.771241535346501e-18,1.2315506032928312e-17,1.552225357427048e-17,1.956398343517073e-17,2.4658110758226038e-17,3.107866187782027e-17,3.917101490809261e-17,4.937047852839024e-17,6.222570836730231e-17,7.842822061337713e-17,9.884959046625586e-17,1.2458833642950133e-16,1.5702901247293775e-16,1.9791668678535656e-16,2.4945081352303164e-16,3.144035471591513e-16,3.9626886387014784e-16,4.99450511585516e-16,6.294988990221887e-16,7.934096665797524e-16,1e-15,374000154.2817971,374000154.27922237,374000154.276649,374000154.2740761,374000154.271504,374000154.2689308,374000154.26635563,374000154.2637826,374000154.2612101,374000154.2586374,374000154.25606316,374000154.2534897,374000154.2509176,374000154.2483431,374000154.2457684,374000154.2431964,374000154.2405786,374000154.2379716,374000154.23539764,374000154.2328844,374000154.2302319,374000154.22770333,374000154.22518736,374000154.2226296,374000154.22013855,374000154.2175278,374000154.21490216,374000154.21231204,374000154.2096651,374000154.20697045,374000154.20430344,374000154.2016939,374000154.1992218,374000154.19665146,374000154.1939961,374000154.19121206,374000154.18870676,374000154.18620586,374000154.1833105,374000154.18070614,374000154.1779103,374000154.1753169,374000154.17244077,374000154.1696747,374000154.1671133,374000154.16416806,374000154.16150063,374000154.15908587,374000154.1568839,374000154.1543077,374000154.1519852,374000154.1497276,374000154.1478351,374000154.14579797,374000154.144166,374000154.1420696,374000154.14016145,374000154.13892835,374000154.138326,374000154.13779587,374000154.13851535,374000154.14164007,374000154.1461705,374000154.14904106,374000154.1535017,374000154.1598709,374000154.1702561,374000154.17837167,374000154.1909878,374000154.208713,374000154.2296851,374000154.2590741,374000154.2918041,374000154.33409077,374000154.38805264,374000154.4530472,374000154.5262725,374000154.620608,374000154.73815817,374000154.88855046,374000155.07232386,374000155.3017273,374000155.58813447,374000155.9532708,374000156.4099454,374000156.99298614,374000157.721197,374000158.63619095,374000159.7985739,374000161.2109109,374000162.8417972,374000164.7630912,374000167.05558205,374000169.8462772,374000173.29692817,374000177.61947566,374000183.13752395,374000190.3039699,374000199.74035823,374000212.38424504,374000229.5919316,374000253.3778084,374000286.7803223,374000334.35903776,374000403.04018635,374000503.39721704,374000651.5818667,374000872.2383338,374001197.9751048,374001682.86073136,374002411.79286164,374003514.49927366,374005188.40321994,374007732.774243,374011599.3100848,374017467.02188003,374026352.4972333,374039772.29440206,374059980.851187,374089973.0579368,374134285.2062539,374199856.4248478,374296683.29860544,374438760.5146234,374645923.1032797,374947436.2763236,375381263.1982885,375996834.645618,376875977.00605834,378134697.7577853,379943284.5557833,382527192.9666247,386200822.4916074,391408917.2344489,398652959.2084133,408441549.942145,421655870.61263645,439573985.6303292,463928498.75384897,497010042.7209141,541505672.3797874,602142457.752201,685540782.0891135,800254232.5947672,957062798.8232104,1172662316.4735234,1470133812.8641002,1881174158.227526,2449084311.9794006,3232680988.2659507,4311365354.430151,5787598019.692148,7778642230.126689,10453742783.073017,14012511175.985596,18520632945.254887,23760114856.430782,29800811782.185253,36832322484.949814,44987152271.23478,54481578596.27172,65513269370.51508,78234307225.66982,91257622840.11589,104292950174.0119,117343658730.70007,130411564931.54532,143482548932.0986,156553532932.6522,169624516933.2054,182695500933.7592,195766484934.31235,208837468934.8659,221908452935.4191,234979436935.9728,248050420936.5259,261121404937.07977,274192388937.633,287263372938.1866,300334356938.7399,313405340939.2934,326476324939.8465,339547308940.40015,352618292940.9535,365689276941.5073,378760260942.0603,391831244942.6141,404902228943.16736,417973212943.72095,431044196944.2739,444115180944.82776,457186164945.3811,470257148945.93463,483328132946.4879,496399116947.0416,509470100947.5949,522541084948.14825,535612068948.70197,548683052949.2554,561754036949.8088
10.0,9.883323622151774e-31,-0.018913626670837402,1e-35,1.2603829296797223e-35,1.5885651294280657e-35,2.0022003718155926e-35,2.523539170434766e-35,3.180625692794106e-35,4.008806328898497e-35,5.052631065335701e-35,6.368249944718586e-35,8.026433522257141e-35,1.0116379797662154e-34,1.275051240713018e-34,1.6070528182616385e-34,2.025501939230658e-34,2.5529080682395373e-34,3.2176417502507486e-34,4.055460735840827e-34,5.111433483440145e-34,6.442363508721423e-34,8.119844993184043e-34,1.0234114021054527e-33,1.2898902612533029e-33,1.625755666443807e-33,2.0490746898158546e-33,2.5826187606826748e-33,3.255088599835043e-33,4.102658105827224e-33,5.1709202428967764e-33,6.517339604882421e-33,8.214343584919388e-33,1.0353218432956615e-32,1.304901978014407e-32,1.6446761779946628e-32,2.0729217795953783e-32,2.6126752255633266e-32,3.2929712550971616e-32,4.1504047578504725e-32,5.23109930805628e-32,6.593188271333542e-32,8.30994194935342e-32,1.0473708979594487e-31,1.320088400831422e-31,1.6638168860761275e-31,2.097046401323239e-31,2.6430814869741027e-31,3.331294787934684e-31,4.198707084443906e-31,5.291978735958458e-31,6.669919663030115e-31,8.40665288561835e-31,1.0595601792776148e-30,1.3354515629299028e-30,1.6831803533309548e-30,2.1214517849106363e-30,2.673841615839944e-30,3.370064329271939e-30,4.247571552536894e-30,5.353566677410741e-30,6.747544053110686e-30,8.504489341802704e-30,1.0718913192051264e-29,1.3509935211980307e-29,1.702769172225898e-29,2.14614119785841e-29,2.704959730463132e-29,3.4092850697468217e-29,4.297004704320835e-29,5.415871378079487e-29,6.826071834272379e-29,8.603464416684527e-29,1.0843659686896087e-28,1.3667163564620101e-28,1.722585965398784e-28,2.17111794569451e-28,2.7364399970746664e-28,3.448962260405767e-28,4.347013158125017e-28,5.478901179593956e-28,6.9055135201623164e-28,8.703591361485184e-28,1.0969857978923819e-27,1.3826221737646592e-27,1.7426333860096615e-27,2.1963853724165514e-27,2.768286630392061e-27,3.489101213406781e-27,4.397603609302748e-27,5.5426645206631186e-27,6.985879746785235e-27,8.804883581643483e-27,1.109752496412079e-26,1.3987131026472415e-26,1.7629141180959443e-26,2.2219468609395284e-26,2.800503894183648e-26,3.5297073027306574e-26,4.4487828311275765e-26,5.60716993820547e-26,7.067181273927534e-26,8.907354638610458e-26,1.1226677735108112e-25,1.4149912974345788e-25,1.7834308769319203e-25,2.24780583354873e-25,2.8330961018393183e-25,3.57078596490047e-25,4.5005576757005255e-25,5.672426068491989e-25,7.1494289865975625e-25,9.011018251665037e-25,1.1357333583431121e-24,1.4314589375234815e-24,1.8041864093920682e-24,2.273965752357932e-24,2.8660676169482677e-24,3.6123426997094375e-24,4.5529350748669385e-24,5.7384416483024046e-24,7.232633896483577e-24,9.115888299750836e-24,1.1489510001873062e-23,1.448118227674536e-23,1.8251834943190536e-23,2.3004301197729215e-23,2.899422853882869e-23,3.654383070957262e-23,4.605922041145132e-23,5.805225516094907e-23,7.316807143427177e-23,9.22197882333434e-23,1.162322468679859e-22,1.4649713983072878e-22,1.8464249428955387e-22,2.327202478960412e-22,2.9331662783900604e-22,3.696912707195032e-22,4.659525668664668e-22,5.872786613189489e-22,7.401959996915683e-22,9.329304026284696e-22,1.1758495540521534e-21,1.48202070579886e-21,1.8679135990207925e-21,2.35428641432242e-21,2.9673024081888606e-21,3.7399373024788015e-21,4.713753134116748e-21,5.9411339849650395e-21,7.48810385759e-21,9.43787827777539e-21,1.1895340673703256e-20,1.499268432786047e-20,1.889652339691204e-20,2.3816855519761607e-20,3.0018358135756046e-20,3.783462617131933e-20,4.7686116977144546e-20,6.010276782070388e-20,7.575250258771951e-20,9.547716114208066e-20,1.2033778407775954e-19,1.516716888470924e-19,1.9116440753857115e-19,2.409403560239527e-19,3.036771118035473e-19,3.827494478516315e-19,4.824108704165393e-19,6.080224261649427e-19,7.6634108680074935e-19,9.658832241158708e-19,1.217382727739667e-18,1.5343684089300131e-18,1.93389175045524e-18,2.4374441501222216e-18,3.0721129988617718e-18,3.872038781812557e-18,4.8802515836544534e-18,6.150985788580504e-18,7.752597488629496e-18,9.771241535346501e-18,1.2315506032928312e-17,1.552225357427048e-17,1.956398343517073e-17,2.4658110758226038e-17,3.107866187782027e-17,3.917101490809261e-17,4.937047852839024e-17,6.222570836730231e-17,7.842822061337713e-17,9.884959046625586e-17,1.2458833642950133e-16,1.5702901247293775e-16,1.9791668678535656e-16,2.4945081352303164e-16,3.144035471591513e-16,3.9626886387014784e-16,4.99450511585516e-16,6.294988990221887e-16,7.934096665797524e-16,1e-15,374000154.2597283,374000154.2570766,374000154.2544259,374000154.251753,374000154.24909174,374000154.2464543,374000154.2437865,374000154.2411201,374000154.23848283,374000154.2358148,374000154.2331342,374000154.23046374,374000154.22782403,374000154.2251612,374000154.2224862,374000154.2198385,374000154.21722126,374000154.21457344,374000154.21167016,374000154.2090837,374000154.20642364,374000154.2036773,374000154.201046,374000154.1982924,374000154.19574183,374000154.1931354,374000154.19024473,374000154.18775046,374000154.18514776,374000154.18266976,374000154.1800806,374000154.1772051,374000154.1746477,374000154.17201644,374000154.16926754,374000154.1665848,374000154.1639544,374000154.16131914,374000154.1589107,374000154.15645504,374000154.1542529,374000154.15208864,374000154.1497121,374000154.14775616,374000154.1455331,374000154.1441528,374000154.1424494,374000154.1408436,374000154.1389252,374000154.1379923,374000154.1375221,374000154.137401,374000154.1384695,374000154.14150894,374000154.14599437,374000154.1480634,374000154.1519215,374000154.1560306,374000154.1621811,374000154.16701514,374000154.1745929,374000154.1841169,374000154.19748956,374000154.2155104,374000154.2353735,374000154.2585389,374000154.2863979,374000154.3282528,374000154.3757001,374000154.43000144,374000154.5079384,374000154.5947253,374000154.69293195,374000154.8138101,374000154.9490231,374000155.11905116,374000155.32166594,374000155.5661874,374000155.85295045,374000156.19376266,374000156.60640264,374000157.11480165,374000157.7486646,374000158.5444901,374000159.55553144,374000160.8699547,374000162.57798,374000164.84169614,374000167.8487347,374000171.70957893,374000176.7791214,374000183.6185388,374000192.30684483,374000203.559753,374000219.088543,374000241.65568817,374000275.7167179,374000328.33389485,374000410.71355385,374000540.4747059,374000745.2767261,374001068.2051754,374001576.1426366,374002372.2162829,374003614.68262446,374005544.98153895,374008529.55230504,374013120.6447193,374020125.7844464,374030768.8083076,374046880.9269665,374071012.00477964,374105509.7500187,374155017.8069991,374226783.16188705,374331458.01628214,374484636.07758117,374702152.065485,374998386.20554066,375409419.0027835,375987541.7484674,376808302.0331146,377980557.16269195,379660214.57249254,382064117.80361456,385490571.82520807,390384916.15625924,397383361.95620996,407391421.33156925,421694963.1478776,442102710.155882,471172501.17904025,512519694.7686358,571224233.1267505,654401689.1987951,771907436.0562283,936468213.1591852,1166329559.5701613,1486349925.6841607,1931278114.1524446,2548081722.2721043,3398376206.3192945,4563869728.759873,6140682408.847306,8248131009.73505,11054789250.145933,14772493029.026825,19548329961.904324,25163150476.95966,31605636266.216724,39068488286.78928,47682592994.70503,57653532018.04505,69187056469.14026,82334099967.16682,95677149968.28871,109032475258.8947,122403515583.08372,135791578296.96596,149182239521.6804,162572900746.39502,175963561971.1093,189354223195.82413,202744884420.5384,216135545645.2531,229526206869.96753,242916868094.68222,256307529319.39648,269698190544.11127,283088851768.82544,296479512993.5403,309870174218.2546,323260835442.9695,336651496667.6837,350042157892.3984,363432819117.113,376823480341.82764,390214141566.5416,403604802791.2566,416995464015.971,430386125240.6857,443776786465.3999,457167447690.1148,470558108914.82935,483948770139.5438,497339431364.25806,510730092588.9728,524120753813.6872,537511415038.4018,550902076263.1165,564292737487.8304,577683398712.5457,591074059937.26,604464721161.9744,617855382386.6895,631246043611.4031,644636704836.118,658027366060.8324,671418027285.5469,684808688510.2615
