10:59:09 WARNING   The naima package is not available. Models    functions.py:47
                  that depend on it will not be available                       
         WARNING   The GSL library or the pygsl wrapper cannot   functions.py:68
                  be loaded. Models that depend on it will not                  
                  be available.                                                 
10:59:10 WARNING   The ebltable package is not available.       absorption.py:33
                  Models that depend on it will not be                          
                  available                                                     
10:59:11 INFO      Starting 3ML!                                  __init__.py:35
         WARNING   WARNINGs here are NOT errors                   __init__.py:36
         WARNING   but are inform you about optional packages     __init__.py:37
                  that can be installed                                         
         WARNING    to disable these messages, turn off           __init__.py:40
                  start_warning in your config file                             
         WARNING   no display variable set. using backend for     __init__.py:46
                  graphics without display (agg)                                
10:59:16 WARNING   Multinest minimizer not available        minimization.py:1357
         WARNING   PyGMO is not available                   minimization.py:1369
10:59:16 WARNING   The cthreeML package is not installed. You     __init__.py:94
                  will not be able to use plugins which require                 
                  the C/C++ interface (currently HAWC)                          
         WARNING   Could not import plugin HAWCLike.py. Do you   __init__.py:144
                  have the relative instrument software                         
                  installed and configured?                                     
         WARNING   Could not import plugin FermiLATLike.py. Do   __init__.py:144
                  you have the relative instrument software                     
                  installed and configured?                                     
10:59:18 WARNING   No fermitools installed           lat_transient_builder.py:44
10:59:18 WARNING   Env. variable OMP_NUM_THREADS is not set.     __init__.py:387
                  Please set it to 1 for optimal performances in                
                  3ML                                                           
         WARNING   Env. variable MKL_NUM_THREADS is not set.     __init__.py:387
                  Please set it to 1 for optimal performances in                
                  3ML                                                           
         WARNING   Env. variable NUMEXPR_NUM_THREADS is not set. __init__.py:387
                  Please set it to 1 for optimal performances in                
                  3ML                                                           
NGC1275 nullLLH: 88615.72180345678
NGC1275 TS: 0.4087115236034151
NGC1275 log_val: [88615.72179912266, 88615.72179843056, 88615.7217978319, 88615.72179707329, 88615.72179674025, 88615.72179601503, 88615.72179502303, 88615.72179385895, 88615.721792402, 88615.72179105658, 88615.72178991785, 88615.72178761699, 88615.72178580934, 88615.72178434324, 88615.72178247366, 88615.72178014593, 88615.72177653282, 88615.72177333377, 88615.72176892911, 88615.7217651201, 88615.72175984218, 88615.7217545047, 88615.72174881642, 88615.72174117772, 88615.721733284, 88615.72172353888, 88615.7217141342, 88615.72170191164, 88615.72169112081, 88615.72167718546, 88615.72166201704, 88615.7216434444, 88615.72162446362, 88615.72160383197, 88615.72157944436, 88615.72155069407, 88615.72151932295, 88615.72148401887, 88615.72144677653, 88615.72140334002, 88615.72135423895, 88615.72129957641, 88615.72123782283, 88615.72117046705, 88615.72109090645, 88615.72100456752, 88615.72090735428, 88615.72079754862, 88615.72067475111, 88615.7205350564, 88615.72037755103, 88615.72020430063, 88615.72000877211, 88615.7197911616, 88615.71954448901, 88615.71926743409, 88615.71895650007, 88615.71861129007, 88615.71822102858, 88615.71778546371, 88615.71729701769, 88615.7167456024, 88615.71613239362, 88615.71544423925, 88615.71466995378, 88615.71380860475, 88615.71284344103, 88615.71175373736, 88615.71054353329, 88615.70918853462, 88615.7076710624, 88615.70597861263, 88615.704089491, 88615.70197837178, 88615.69962709196, 88615.69700348895, 88615.69408612933, 88615.69085288631, 88615.68725052655, 88615.68325050206, 88615.67883580546, 88615.67395336018, 88615.66858315044, 88615.66266593164, 88615.65618345185, 88615.64910219613, 88615.6413973427, 88615.63304821712, 88615.62406042275, 88615.61444036511, 88615.60423269664, 88615.59350233813, 88615.58235634505, 88615.57097838528, 88615.55957401721, 88615.54847650239, 88615.53812014642, 88615.52905810814, 88615.52202921119, 88615.51798749877, 88615.51812507308, 88615.52395818137, 88615.53737803634, 88615.56072550322, 88615.59690844861, 88615.64944724558, 88615.7227053439, 88615.82191665261, 88615.9534371389, 88616.12491182135, 88616.34550765388, 88616.62618427892, 88616.97998890714, 88617.42244770011, 88617.97195074047, 88618.65026437015, 88619.48309263632, 88620.50071399692, 88621.73883709041, 88623.23940439291, 88625.05167355872, 88627.23350444403, 88629.8527111443, 88632.98877911505, 88636.73477167849, 88641.19964763368, 88646.510856144, 88652.81737701174, 88660.2933734128, 88669.14226376112, 88679.60158375627, 88691.94857860831, 88706.50670347759, 88723.65318350321, 88743.82784470677, 88767.54322625135, 88795.39647722602, 88828.08311562448, 88866.41291586091, 88911.32852280776, 88963.926872965, 89025.48422996343, 89097.48510616922, 89181.65586097042, 89280.00373262375, 89394.86212244752, 89528.94294195932, 89685.39759553908, 89867.88737338602, 90080.66531987442, 90328.67092830082, 90617.63987076422, 90954.23119379769, 91346.17463094262, 91802.44118644096, 92333.44073717351, 92951.25075915924, 93669.88130422578, 94505.58149319407, 95477.19451933386, 96606.56819790106, 97919.03009800355, 99443.93702858283, 101215.31055248907, 103272.57202712883, 105661.39233227482, 108434.67450154314, 111653.68976483718, 115389.39110884335, 119723.93183763846, 124752.42098951843, 130584.95239327235, 137348.9494959328, 145191.8743213414, 154284.35646694113, 164823.80588099224, 177038.5832999336, 191192.81264101987, 207591.93301067004, 226589.10262616712, 248592.58344984183, 274074.25589420204, 303579.4339324874, 337738.17695021967, 377278.32261348143, 423040.49642136524, 475995.3890192087, 537263.6313797593, 608138.641023387, 690112.8607707234, 784907.8652027603, 894508.8693197438, 1021204.2411570072, 1167630.6946554198, 1336824.9223328694, 1532282.5204656788, 1758025.1622628188, 2018677.0875903496, 2319552.1014456446, 2666752.4071815666]
NGC1275 norms: [4.2469380336846575e-29, 4.767900466515137e-29, 5.352768201063751e-29, 6.009380358407712e-29, 6.746537667153188e-29, 7.574120421689693e-29, 8.503220910121204e-29, 9.546292086836346e-29, 1.0717314482412436e-28, 1.2031983587985144e-28, 1.3507920225642012e-28, 1.5164906724483174e-28, 1.7025152067874656e-28, 1.9113589565723825e-28, 2.1458211041550818e-28, 2.409044201354296e-28, 2.704556289823558e-28, 3.0363181882308747e-28, 3.4087765800515643e-28, 3.8269236135222873e-28, 4.296363812589015e-28, 4.823389195671729e-28, 5.415063609080928e-28, 6.079317405426303e-28, 6.82505373601547e-28, 7.662267881904132e-28, 8.602181223020783e-28, 9.657391640985249e-28, 1.084204237150683e-27, 1.2172011569529448e-27, 1.3665125127911574e-27, 1.5341395602099127e-27, 1.722329044315718e-27, 1.9336033134349304e-27, 2.1707941267471386e-27, 2.437080609025556e-27, 2.7360318612010927e-27, 3.071654797869272e-27, 3.448447852917725e-27, 3.8714612731032796e-27, 4.34636480770819e-27, 4.8795237015354986e-27, 5.478084009796136e-27, 6.1500683783830054e-27, 6.904483573298494e-27, 7.75144120047699e-27, 8.702293234039544e-27, 9.769784169497373e-27, 1.0968221841250787e-26, 1.2313669193889671e-26, 1.3824159577652895e-26, 1.5519938453701735e-26, 1.742373474884215e-26, 1.956106549672557e-26, 2.1960577848708228e-26, 2.4654433038420108e-26, 2.767873744641449e-26, 3.107402654255647e-26, 3.488580819254801e-26, 3.9165172610653097e-26, 4.396947713396852e-26, 4.9363114996426965e-26, 5.541837840659726e-26, 6.221642749731416e-26, 6.984837813420651e-26, 7.841652316327085e-26, 8.803570346616897e-26, 9.883484719982194e-26, 1.1095869785110532e-25, 1.2456975426815925e-25, 1.3985044867102438e-25, 1.5700559183398694e-25, 1.7626511821300934e-25, 1.9788716781181914e-25, 2.2216154609365707e-25, 2.494136083126855e-25, 2.8000862032770017e-25, 3.1435665434713327e-25, 3.529180852242067e-25, 3.9620976097035884e-25, 4.448119301918435e-25, 4.993760192995274e-25, 5.606333637316924e-25, 6.29405010216536e-25, 7.066127214563478e-25, 7.932913307318131e-25, 8.906026120181204e-25, 9.998508515172963e-25, 1.1225003293158118e-24, 1.2601949454781452e-24, 1.4147802536295275e-24, 1.5883281973493224e-24, 1.783164880922604e-24, 2.001901746668051e-24, 2.2474705767192434e-24, 2.523162788396452e-24, 2.832673549854375e-24, 3.1801513072980032e-24, 3.570253387591745e-24, 4.008208421517056e-24, 4.499886424351837e-24, 5.051877473078603e-24, 5.671580034750625e-24, 6.367300129901853e-24, 7.148362660112012e-24, 8.025236391875839e-24, 9.009674271965186e-24, 1.0114870954964795e-23, 1.13556396543595e-23, 1.2748610687550858e-23, 1.431245437594897e-23, 1.60681312877217e-23, 1.8039173177265926e-23, 2.025199838689725e-23, 2.2736265938162476e-23, 2.5525273058746565e-23, 2.8656401473118503e-23, 3.217161843865788e-23, 3.6118039242767703e-23, 4.0548558700254126e-23, 4.552256011508673e-23, 5.11067112089169e-23, 5.737585768437476e-23, 6.441402639979018e-23, 7.231555160111906e-23, 8.118633930623452e-23, 9.114528678842433e-23, 1.023258761847647e-22, 1.1487796358889274e-22, 1.289697876077993e-22, 1.4479022430381026e-22, 1.6255131874528962e-22, 1.8249112709702052e-22, 2.048769073434905e-22, 2.300087014110991e-22, 2.5822335670131167e-22, 2.898990409363496e-22, 3.254603108309338e-22, 3.6538380252670105e-22, 4.102046200595654e-22, 4.605235074861206e-22, 5.170149007988324e-22, 5.804359675517429e-22, 6.516367553569087e-22, 7.315715852743499e-22, 8.213118428037357e-22, 9.220603379185314e-22, 1.0351674266136239e-21, 1.1621491100472334e-21, 1.3047073538642983e-21, 1.464752900046026e-21, 1.6444308770381757e-21, 1.8461495514168797e-21, 2.072612606457188e-21, 2.3268553802417307e-21, 2.612285549017636e-21, 2.9327288010900967e-21, 3.29248011343085e-21, 3.696361318274066e-21, 4.149785731278233e-21, 4.658830707481105e-21, 5.23031909753161e-21, 5.8719106959768885e-21, 6.592204907306692e-21, 7.400856005813048e-21, 8.30870253412025e-21, 9.327912574744494e-21, 1.0472146841791899e-20, 1.1756741778752882e-20, 1.3198915116494032e-20, 1.4817996646592547e-20, 1.663568730312072e-20, 1.8676350025416614e-20, 2.0967336300343052e-20, 2.3539352760758738e-20, 2.6426872753806582e-20, 2.96685983953698e-20, 3.3307979303716243e-20, 3.7393794965047296e-20, 4.198080853652943e-20, 4.713050084988916e-20, 5.2911894453594464e-20, 5.940247873845643e-20, 6.668924854632618e-20, 7.486987018261373e-20, 8.405399046095844e-20, 9.436470632550318e-20, 1.0594021474845422e-19, 1.1893566501690432e-19, 1.3352523823555566e-19, 1.4990448191741314e-19, 1.6829293095351388e-19, 1.8893705009119167e-19, 2.121135373595788e-19, 2.381330327189806e-19, 2.6734428164199513e-19, 3.0013880943186593e-19, 3.369561689290586e-19, 3.782898319423221e-19, 4.2469380336846575e-19]

Optimization terminated successfully;
The returned value satisfies the termination criteria
(using xtol =  0.001 )
ThreeC111 nullLLH: 90060.10522597255
ThreeC111 TS: 0.8280150628706906
ThreeC111 log_val: [90060.10521846835, 90060.10521726865, 90060.10521579481, 90060.10521420841, 90060.10521251867, 90060.10521098142, 90060.10520947911, 90060.10520739036, 90060.1052054046, 90060.10520238617, 90060.10519897862, 90060.1051954545, 90060.10519134575, 90060.1051872731, 90060.10518158102, 90060.1051756413, 90060.10516917445, 90060.10516293955, 90060.10515468162, 90060.10514607957, 90060.10513674293, 90060.10512657049, 90060.10511184687, 90060.10509891878, 90060.10508271804, 90060.10506533954, 90060.1050444541, 90060.10502269128, 90060.10499605905, 90060.10496851812, 90060.10493748215, 90060.1049014795, 90060.10486324804, 90060.10481987489, 90060.1047678181, 90060.10471233712, 90060.10464996067, 90060.10458107022, 90060.10450014751, 90060.10441337922, 90060.10431233206, 90060.10420043691, 90060.10407156148, 90060.1039340143, 90060.10377285662, 90060.10359323383, 90060.10339437317, 90060.10316881865, 90060.10291870008, 90060.10263573266, 90060.10231765962, 90060.10196282185, 90060.1015609459, 90060.1011123325, 90060.1006089255, 90060.10004367234, 90060.09940571169, 90060.09869923355, 90060.09789835, 90060.0970049821, 90060.0960068941, 90060.09488324211, 90060.09362355116, 90060.09221359888, 90060.09063328337, 90060.08886070596, 90060.08688036216, 90060.0846642197, 90060.0821832777, 90060.07940924738, 90060.07630823615, 90060.07284467792, 90060.06898360162, 90060.06466677452, 90060.0598570592, 90060.05450644619, 90060.04855292091, 90060.04192964025, 90060.03457987995, 90060.02644517225, 90060.0174261417, 90060.00747983361, 90059.99652430658, 90059.98449614368, 90059.97130952626, 90059.95690770022, 90059.94124894316, 90059.92431413941, 90059.90608576448, 90059.8866045877, 90059.86594189839, 90059.84425653939, 90059.82177555868, 90059.79883010079, 90059.77586780766, 90059.75356621169, 90059.73276816521, 90059.71459099911, 90059.70050529372, 90059.69236162936, 90059.69249821022, 90059.70386225298, 90059.73013268237, 90059.77583317677, 90059.84652560037, 90059.94901968351, 90060.09157575849, 90060.28420803389, 90060.53899041121, 90060.87040861411, 90061.29584047236, 90061.83602153222, 90062.51564416515, 90063.3640514587, 90064.41605846286, 90065.71286637789, 90067.30320079552, 90069.24452242441, 90071.60460751397, 90074.46323373473, 90077.91422283486, 90082.06783785798, 90087.05343237144, 90093.02280492122, 90100.15376902465, 90108.65455230688, 90118.76878969063, 90130.78136060649, 90145.02519538088, 90161.8890759594, 90181.82684981504, 90205.36796028398, 90233.1298445196, 90265.83212073095, 90304.3133700397, 90349.55015424316, 90402.67954027609, 90465.02496710632, 90538.12637253503, 90623.77496034221, 90724.0538823975, 90841.38503962236, 90978.58361196707, 91138.92127982194, 91326.19934430628, 91544.83383579759, 91799.95389095352, 92097.51601821448, 92444.43644342698, 92848.74457040797, 93319.76085130633, 93868.30290469971, 94506.9243556838, 95250.1915947343, 96115.00441608812, 97120.9672495992, 98290.81917339393, 99650.93165961569, 101231.88468759837, 103069.13351424946, 105203.78029125949, 107683.46649698944, 110563.40571223554, 113907.57838621973, 117790.11380577894, 122296.88891303967, 127527.37786937329, 133596.79096989767, 140638.5486142598, 148807.14137473117, 158281.4360899049, 169268.49598335958, 182007.9937060302, 196777.30706241747, 213897.40168731223, 233739.62012862074, 256733.51489466758, 283375.8843148423, 314241.19352082565, 349993.58994350897, 391400.75436307845, 439349.8613767482, 494865.96340021724, 559133.153991434, 633518.9143668648, 719602.0996181457, 819205.0798475798, 934430.616781874, 1067704.1288593495, 1221822.0798669897, 1400007.3166173333, 1605972.283062566, 1843991.151300935, 2118982.0342346607, 2436600.5831610365, 2803346.421424626, 3226684.0287820175, 3715179.8649374046, 4278657.708682379, 4928374.391373917]
ThreeC111 norms: [6.380321839978896e-29, 7.16298171437151e-29, 8.041648732972183e-29, 9.028099878401917e-29, 1.0135556789518706e-28, 1.137886297418135e-28, 1.2774682760308892e-28, 1.4341724651822926e-28, 1.6100992083167161e-28, 1.8076064933324477e-28, 2.029341557253241e-28, 2.2782763677744583e-28, 2.5577474572516494e-28, 2.8715006430356483e-28, 3.2237412335517205e-28, 3.619190393046506e-28, 4.063148420473239e-28, 4.561565790656661e-28, 5.121122909919639e-28, 5.749319655154688e-28, 6.454575896454459e-28, 7.246344350629076e-28, 8.135237278213457e-28, 9.133168722114055e-28, 1.0253514194354366e-27, 1.1511289951237317e-27, 1.292335425979308e-27, 1.4508633353133355e-27, 1.628837510324692e-27, 1.8286433811271153e-27, 2.052958993235277e-27, 2.304790902044445e-27, 2.5875144704062116e-27, 2.9049191094179474e-27, 3.2612590687992824e-27, 3.661310457610832e-27, 4.1104352595778026e-27, 4.614653201030545e-27, 5.180722434725543e-27, 5.816230120970835e-27, 6.529694120136844e-27, 7.330677159560666e-27, 8.229915005050599e-27, 9.239460354903373e-27, 1.0372844385080779e-26, 1.164525811077276e-26, 1.307375599518008e-26, 1.467748453453244e-26, 1.6477938883122898e-26, 1.849925095796281e-26, 2.076851288459402e-26, 2.3316140119277764e-26, 2.617627911457567e-26, 2.9387264992358216e-26, 3.299213535854328e-26, 3.703920714634309e-26, 4.1582724219590734e-26, 4.668358441612201e-26, 5.241015577595213e-26, 5.883919289434297e-26, 6.605686568186518e-26, 7.415991432016229e-26, 8.325694589356982e-26, 9.346989007564411e-26, 1.0493563338152363e-25, 1.178078538903819e-25, 1.322590810292031e-25, 1.4848300802564143e-25, 1.666970880243348e-25, 1.8714544866301568e-25, 2.1010216417319137e-25, 2.3587492886211967e-25, 2.648091812126569e-25, 2.972927338772345e-25, 3.337609716228997e-25, 3.7470268689668586e-25, 4.206666312268209e-25, 4.722688702697086e-25, 5.302010410841643e-25, 5.952396223070729e-25, 6.682563414808978e-25, 7.50229859024846e-25, 8.422588854527537e-25, 9.455769076509405e-25, 1.0615687215957193e-24, 1.1917889931025844e-24, 1.337983095381181e-24, 1.502110502686694e-24, 1.6863710536184765e-24, 1.8932344360789514e-24, 2.1254732890867526e-24, 2.3862003651157255e-24, 2.6789102510551565e-24, 3.0075262069873812e-24, 3.376452750573966e-24, 3.790634691851329e-24, 4.255623409693572e-24, 4.777651258261209e-24, 5.363715100723237e-24, 6.021670089875273e-24, 6.76033495261692e-24, 7.589610189441753e-24, 8.52061077319561e-24, 9.565815125695748e-24, 1.0739232368980886e-23, 1.2056590092899106e-23, 1.3535545155727543e-23, 1.519592034323569e-23, 1.7059970058188053e-23, 1.915267860138709e-23, 2.1502095042187577e-23, 2.4139709166830582e-23, 2.7100873543524213e-23, 3.0425277361306627e-23, 3.4157478393667e-23, 3.8347500216961775e-23, 4.305150268828183e-23, 4.8332534669348067e-23, 5.426137908537153e-23, 6.091750164540015e-23, 6.839011594008258e-23, 7.677937919259939e-23, 8.619773468969786e-23, 9.677141888575872e-23, 1.086421533799568e-22, 1.2196904444449617e-22, 1.3693071556374484e-22, 1.537277015671916e-22, 1.7258513644537346e-22, 1.9375577087418858e-22, 2.1752335989219617e-22, 2.442064661367628e-22, 2.7416272961470283e-22, 3.0779366123618497e-22, 3.455500243607715e-22, 3.8793787648571396e-22, 4.355253520547286e-22, 4.889502772987984e-22, 5.489287191725358e-22, 6.162645829695721e-22, 6.918603872560181e-22, 7.767293605410416e-22, 8.720090218190945e-22, 9.789764270069832e-22, 1.0990652856274991e-21, 1.2338851771584584e-21, 1.3852431246084794e-21, 1.555167814475361e-21, 1.745936787712728e-21, 1.9601069661520663e-21, 2.2005489235329893e-21, 2.4704853604843937e-21, 2.773534299146068e-21, 3.1137575763782102e-21, 3.495715285524945e-21, 3.924526896428e-21, 4.405939872896117e-21, 4.946406707326791e-21, 5.553171404993557e-21, 6.23436657716802e-21, 6.999122444439496e-21, 7.857689211228436e-21, 8.82157445170975e-21, 9.903697348560842e-21, 1.1118561851833726e-20, 1.248245107884041e-20, 1.4013645560639504e-20, 1.5732668260332816e-20, 1.7662559647212194e-20, 1.9829186513637616e-20, 2.226158867379615e-20, 2.4992368191224216e-20, 2.805812635200411e-20, 3.149995424048948e-20, 3.536398349286305e-20, 3.9702004610405644e-20, 4.4572161119880436e-20, 5.0039728885021317e-20, 5.617799101443151e-20, 6.306922009248218e-20, 7.080578089829031e-20, 7.949136839277791e-20, 8.924239756684838e-20, 1.0018956377914031e-19, 1.124795944969478e-19, 1.2627721591928729e-19, 1.4176736084125022e-19, 1.5915764735215017e-19, 1.7868116159005731e-19, 2.0059958185063512e-19, 2.2520668592345414e-19, 2.528322886654328e-19, 2.838466625876665e-19, 3.1866550070577005e-19, 3.5775548817205474e-19, 4.0164055736739403e-19, 4.509089102912936e-19, 5.062209023729126e-19, 5.683178933716362e-19, 6.380321839978895e-19]

Optimization terminated successfully;
The returned value satisfies the termination criteria
(using xtol =  0.001 )
NGC4151 nullLLH: 90477.78013815875
NGC4151 TS: 0.29660109998076223
NGC4151 log_val: [90477.78013549234, 90477.78013525314, 90477.78013481283, 90477.78013448762, 90477.78013364048, 90477.78013290948, 90477.78013258209, 90477.78013188651, 90477.78013098701, 90477.78012978926, 90477.7801289522, 90477.7801277004, 90477.7801266018, 90477.78012508317, 90477.78012369738, 90477.78012121037, 90477.78011875012, 90477.78011577994, 90477.78011324341, 90477.78011078236, 90477.78010691884, 90477.78010341962, 90477.78009921373, 90477.78009465462, 90477.78008859088, 90477.7800828931, 90477.78007528426, 90477.78006691449, 90477.78005819609, 90477.7800475866, 90477.78003649543, 90477.78002390613, 90477.78000977817, 90477.77999287362, 90477.77997469652, 90477.77995537341, 90477.77993290387, 90477.77990528283, 90477.77987709474, 90477.77984422084, 90477.77980862053, 90477.77976824412, 90477.77971933907, 90477.77966373954, 90477.77960739899, 90477.77954290195, 90477.77947001802, 90477.77938505595, 90477.77929519833, 90477.77918945462, 90477.77907557979, 90477.7789474223, 90477.778800689, 90477.77863674608, 90477.77844908717, 90477.77824407724, 90477.77801134704, 90477.77775055675, 90477.77745696955, 90477.77713333759, 90477.77677048896, 90477.7763601469, 90477.77590126403, 90477.77538457703, 90477.77480677688, 90477.77416280734, 90477.77343931023, 90477.77262327539, 90477.7717193729, 90477.77070622382, 90477.7695759504, 90477.76831174848, 90477.76689839769, 90477.76532354273, 90477.7635670036, 90477.76160916171, 90477.75943618797, 90477.75701921528, 90477.75433869002, 90477.7513714561, 90477.74808387949, 90477.74445340876, 90477.74045471878, 90477.73606033355, 90477.7312582826, 90477.72600667333, 90477.72030681628, 90477.71413592248, 90477.70750482295, 90477.70041197432, 90477.69291939604, 90477.68505801502, 90477.67692791215, 90477.66864142209, 90477.66040632605, 90477.6524579084, 90477.64512622973, 90477.63884548075, 90477.63418406829, 90477.63185598387, 90477.63276748586, 90477.63809165139, 90477.6492221234, 90477.66796481017, 90477.69651024356, 90477.73751817191, 90477.79428968369, 90477.87079942475, 90477.97185447777, 90478.10326035536, 90478.27198463162, 90478.48638559639, 90478.75643673596, 90479.09401334952, 90479.51326772857, 90480.03095360489, 90480.66697164856, 90481.44481101044, 90482.39222863699, 90483.54201896161, 90484.93278461785, 90486.6100300683, 90488.62723907857, 90491.0473439851, 90493.9442319447, 90497.40465474728, 90501.5304048829, 90506.4407088487, 90512.27537514585, 90519.19797246893, 90527.39994555891, 90537.10512305023, 90548.57507451085, 90562.1152968478, 90578.08239822923, 90596.89245240568, 90619.03062652232, 90645.062460061, 90675.6468541486, 90711.55116702, 90753.668755485, 90803.0393429965, 90860.87250766189, 90928.57515867251, 91007.78319682664, 91100.39829440038, 91208.63063097994, 91335.0484301913, 91482.63516490207, 91654.85628791216, 91855.73618442006, 92089.94758649831, 92362.91508344584, 92680.9350905782, 93051.3148865931, 93482.5335899074, 93984.42873994782, 94568.41247410992, 95247.72179878097, 96037.7086249788, 96956.1755763805, 98023.76492003202, 99264.40876993781, 100705.85035380723, 102380.24717806515, 104324.869189027, 106582.9064195531, 109204.4036058616, 112247.34131128609, 115778.88662335547, 119876.84011249311, 124631.30927411497, 130146.64421432611, 136543.67590879594, 143962.3039727927, 152564.487670518, 162537.70189431508, 174098.92912460567, 187499.26888023404, 203029.25871608712, 221025.01433000306, 241875.3138002502, 266029.76856825664, 294008.24649879895, 326411.73610034824, 363934.8696274614, 407380.35339177446, 457675.5894078422, 515891.81078249856, 583266.0975936342, 661226.6871791341, 751422.0471966183, 855754.2382004767, 976417.159914034, 1115940.3488960997, 1277239.0780128147, 1463671.6013017644, 1679104.490088653, 1927987.1207151127, 2215436.499575301]
NGC4151 norms: [3.428311411699877e-29, 3.848854739474807e-29, 4.320985180932751e-29, 4.8510308124509817e-29, 5.446095961446685e-29, 6.114156427363572e-29, 6.864166383205134e-29, 7.706178390440665e-29, 8.651478135873149e-29, 9.712735696378172e-29, 1.090417535895195e-28, 1.224176627220604e-28, 1.3743436484657297e-28, 1.5429313238617458e-28, 1.7321992740399688e-28, 1.9446843022634956e-28, 2.183234395803584e-28, 2.451046898189031e-28, 2.751711363960482e-28, 3.089257670321912e-28, 3.4682100305414968e-28, 3.8936476330558853e-28, 4.371272719038526e-28, 4.907487010891533e-28, 5.509477516050824e-28, 6.185312856152653e-28, 6.944051412684753e-28, 7.795862738623395e-28, 8.752163863366223e-28, 9.825772317887139e-28, 1.1031077931146606e-27, 1.2384235700384607e-27, 1.390338232038389e-27, 1.5608879273894959e-27, 1.7523585741422845e-27, 1.9673164988248985e-27, 2.2086428335268334e-27, 2.4795721323961796e-27, 2.7837357251366964e-27, 3.1252103885817186e-27, 3.5085729887018954e-27, 3.93896182542613e-27, 4.42214550249527e-27, 4.9646002454272126e-27, 5.573596703904996e-27, 6.2572974020202184e-27, 7.024866142521079e-27, 7.886590831435623e-27, 8.854021369318608e-27, 9.940124457310066e-27, 1.1159457392908744e-26, 1.2528363184885623e-26, 1.4065189602510357e-26, 1.5790535095057716e-26, 1.772752487771292e-26, 1.990212088431948e-26, 2.234346974134197e-26, 2.5084293427018572e-26, 2.8161327851803046e-26, 3.1615815238491726e-26, 3.549405690152668e-26, 3.9848033834503006e-26, 4.4736103423765336e-26, 5.022378162630801e-26, 5.63846210957004e-26, 6.33011970257607e-26, 7.106621392548053e-26, 7.978374815956224e-26, 8.957064290864303e-26, 1.005580742461782e-25, 1.1289330932249267e-25, 1.2674168022135014e-25, 1.422887999451224e-25, 1.5974305022991582e-25, 1.7933837453544675e-25, 2.0133741364475798e-25, 2.2603502590098566e-25, 2.5376223926371815e-25, 2.8489068815531855e-25, 3.1983759456529434e-25, 3.5907136017567255e-25, 4.0311784445992087e-25, 4.5256741290230065e-25, 5.080828498065738e-25, 5.7040824175137415e-25, 6.40378950759237e-25, 7.1893281085206215e-25, 8.071226980631538e-25, 9.061306423845996e-25, 1.0172836707958398e-24, 1.1420715937212798e-24, 1.282166973313013e-24, 1.4394475411984161e-24, 1.616021366162851e-24, 1.8142551090959473e-24, 2.036805743909361e-24, 2.286656169588754e-24, 2.5671551906969668e-24, 2.8820624021965096e-24, 3.2355985801931757e-24, 3.6325022540002145e-24, 4.0780932177714576e-24, 4.578343832965022e-24, 5.1399590773217954e-24, 5.770466413273544e-24, 6.478316680308727e-24, 7.272997363580208e-24, 8.165159756920593e-24, 9.166761724662118e-24, 1.029122797573063e-23, 1.1553629998205679e-23, 1.2970888066053288e-23, 1.4561998025574e-23, 1.6348285901239992e-23, 1.8353693733463436e-23, 2.0605100479446726e-23, 2.3132682278227007e-23, 2.5970316908630326e-23, 2.9156037861182184e-23, 3.273254411001032e-23, 3.6747772417329704e-23, 4.1255539841245545e-23, 4.631626505855808e-23, 5.199777817062799e-23, 5.837622984632799e-23, 6.553711198753294e-23, 7.357640359737232e-23, 8.260185720959482e-23, 9.273444312135378e-23, 1.0410997078681522e-22, 1.168809091035104e-22, 1.3121842998915752e-22, 1.4731470263951175e-22, 1.6538546921770925e-22, 1.8567293649768645e-22, 2.084490222190719e-22, 2.340189996651911e-22, 2.6272558931334736e-22, 2.949535523987339e-22, 3.31134847960591e-22, 3.717544224917577e-22, 4.173567097916225e-22, 4.685529281415587e-22, 5.260292726086548e-22, 5.905561122810701e-22, 6.629983157077896e-22, 7.443268429370882e-22, 8.356317595245121e-22, 9.381368469403058e-22, 1.0532160052029344e-21, 1.1824116675871293e-21, 1.327455474223248e-21, 1.490291481680952e-21, 1.6731022196208823e-21, 1.878337943757788e-21, 2.108749477219431e-21, 2.367425080482026e-21, 2.657831844058431e-21, 2.9838621587352125e-21, 3.349885886210424e-21, 3.760808929387147e-21, 4.222138987354647e-21, 4.740059376386672e-21, 5.321511906397069e-21, 5.9742899236661195e-21, 6.707142766910317e-21, 7.529893036746348e-21, 8.453568250338584e-21, 9.490548645829303e-21, 1.0654733117609228e-20, 1.1961725506498355e-20, 1.3429043741727989e-20, 1.507635463790518e-20, 1.69257374939964e-20, 1.9001980027413398e-20, 2.1332910609673104e-20, 2.394977125666687e-20, 2.688763637281542e-20, 3.0185882861637236e-20, 3.388871790373243e-20, 3.804577147611957e-20, 4.271276155459629e-20, 4.7952240914996796e-20, 5.3834435542893483e-20, 6.04381858891515e-20, 6.785200358720625e-20, 7.617525779549706e-20, 8.551950706588275e-20, 9.600999458939746e-20, 1.0778732686046388e-19, 1.2100935825911906e-19, 1.358533068107373e-19, 1.5251812948129156e-19, 1.7122718884479524e-19, 1.9223124686490307e-19, 2.1581182591702784e-19, 2.4228498209957443e-19, 2.7200554140883597e-19, 3.053718555560607e-19, 3.428311411699877e-19]

Optimization terminated successfully;
The returned value satisfies the termination criteria
(using xtol =  0.001 )

Total nullLLH: 269153.6071675881
10:59:22 WARNING   The current value of the parameter K (1.0)   parameter.py:794
                  was above the new maximum 0.001.                              
Loaded clm YML File
10:59:22 INFO      set the minimizer to minuit          joint_likelihood.py:1045
         INFO      set the minimizer to ROOT            joint_likelihood.py:1062
10:59:25 WARNING   get_number_of_data_points not         plugin_prototype.py:130
                  implemented, values for statistical                           
                  measurements such as AIC or BIC are                           
                  unreliable                                                    
         WARNING   50.6 percent of samples have been    analysis_results.py:1740
                  thrown away because they failed the                           
                  constraints on the parameters. This                           
                  results might not be suitable for                             
                  error propagation. Enlarge the                                
                  boundaries until you loose less than                          
                  1 percent of the samples.                                     
10:59:25 WARNING   The current value of the parameter K (1.0)   parameter.py:794
                  was above the new maximum 0.001.                              
Parameter results:                                            value  negative_error  \
finalNorm.spectrum.main.Powerlaw.K  1.000000e-35    1.865189e-47   

                                    positive_error         error  \
finalNorm.spectrum.main.Powerlaw.K    1.223725e-46  7.051221e-47   

                                               unit  
finalNorm.spectrum.main.Powerlaw.K  1 / (keV s cm2)  
Likelihood results:          -log(likelihood)
stacked      4.884034e+07
total        4.884034e+07
total Alt LLH: 48840340.40996971
total Null LLH:  269153.6071675881
Total TS: -97142373.60560425
TS not computed through lh.compute_TS()

Optimization terminated successfully;
The returned value satisfies the termination criteria
(using xtol =  0.001 )
NGC1275 nullLLH: 88615.72180345678
NGC1275 TS: 0.4087126350204926
NGC1275 log_val: [88615.72179914592, 88615.72179846482, 88615.72179785323, 88615.72179713736, 88615.7217967837, 88615.72179580138, 88615.72179518263, 88615.72179378833, 88615.72179252253, 88615.72179117192, 88615.7217898387, 88615.7217877213, 88615.72178587317, 88615.72178448632, 88615.72178241819, 88615.72178018568, 88615.72177683961, 88615.72177334804, 88615.7217692129, 88615.72176536972, 88615.72176015991, 88615.72175487601, 88615.72174910603, 88615.72174149474, 88615.72173351458, 88615.72172387531, 88615.72171442852, 88615.72170243022, 88615.72169122816, 88615.72167831687, 88615.72166303304, 88615.72164426638, 88615.72162565363, 88615.72160494182, 88615.7215809323, 88615.72155179337, 88615.72152152106, 88615.72148555903, 88615.72144795593, 88615.7214053708, 88615.7213560958, 88615.7213024162, 88615.72124013831, 88615.72117293433, 88615.72109451419, 88615.7210086383, 88615.72091070126, 88615.7208026497, 88615.72068092217, 88615.72054099687, 88615.72038502434, 88615.72021088332, 88615.7200172053, 88615.71980090468, 88615.71955569464, 88615.7192796391, 88615.71897091276, 88615.7186268463, 88615.71823977155, 88615.7178046547, 88615.71731804936, 88615.71676977014, 88615.71615942653, 88615.71547326066, 88615.71470428136, 88615.71384837452, 88615.71288727644, 88615.71180506721, 88615.71059853064, 88615.70924953051, 88615.70773914977, 88615.7060549395, 88615.70417324647, 88615.70207517801, 88615.69973271596, 88615.6971222254, 88615.69421850918, 88615.69099970124, 88615.68740758348, 88615.68342962624, 88615.67903271728, 88615.67417264266, 88615.6688227076, 88615.66293030692, 88615.65647392542, 88615.64941478906, 88615.64173835922, 88615.63342020146, 88615.62445926359, 88615.61486229143, 88615.60468036668, 88615.59397252371, 88615.5828384938, 88615.57146163647, 88615.56005693301, 88615.54894039725, 88615.53853896528, 88615.52940744933, 88615.52227920997, 88615.51808440268, 88615.51801684685, 88615.52357393868, 88615.53662114103, 88615.55949377157, 88615.5950543461, 88615.64681775736, 88615.71909096514, 88615.81707408505, 88615.94706114524, 88616.11665449686, 88616.33494558658, 88616.61280355447, 88616.96319459358, 88617.4015130126, 88617.94601617049, 88618.61833634792, 88619.4439843772, 88620.45303569744, 88621.68093179089, 88623.16934511987, 88624.96718434656, 88627.13192846978, 88629.73092620478, 88632.84312425929, 88636.56097512113, 88640.99269343162, 88646.26488813636, 88652.5255432103, 88659.94766925293, 88668.7333536911, 88679.1185596374, 88691.37869985672, 88705.8351103315, 88722.86257439619, 88742.89801746371, 88766.45066392719, 88794.11378949265, 88826.57837311157, 88864.6489847068, 88909.26216057318, 88961.5077721949, 89022.65387536726, 89094.17541578432, 89177.78767127331, 89275.48505144587, 89389.58596348125, 89522.78501127378, 89678.2134423224, 89859.50921342659, 90070.8982686838, 90317.28864728565, 90604.37955067198, 90938.78778265505, 91328.19401647798, 91781.51244811335, 92309.08707269392, 92922.91903855185, 93636.92990830427, 94467.26635118484, 95432.6528248176, 96554.79963761456, 97858.87510848585, 99374.05169481547, 101134.13753308846, 103178.30693987559, 105551.9448775282, 108307.62354036307, 111506.23141112781, 115218.27858297472, 119525.40612217765, 124522.13050130868, 130317.86022460042, 137039.22624033468, 144832.7742816629, 153868.07456920485, 164341.3127012327, 176479.43442040586, 190544.92886208298, 206841.3467424289, 225719.66536742455, 247585.62859159225, 272908.2098366611, 302229.36791923316, 336175.29066730256, 375469.3492309937, 420947.0175820998, 473573.0466230385, 534461.2210486819, 604897.070449199, 686363.9540523009, 780572.991354534, 889497.3712048936, 1015411.6374611775, 1160936.624385393, 1329090.7976851547, 1523348.8495060604, 1747708.498551371, 2006766.5585051114, 2305805.461715471, 2650891.558135691]
NGC1275 norms: [1.6904034837409497e-30, 1.8977615154263707e-30, 2.1305556951782443e-30, 2.3919062186465383e-30, 2.685316028934573e-30, 3.01471776737687e-30, 3.3845264836645026e-30, 3.799698811804002e-30, 4.2657994050596746e-30, 4.789075520322088e-30, 5.376540751575172e-30, 6.036069034761043e-30, 6.776500184012732e-30, 7.607758373781177e-30, 8.540985154901213e-30, 9.588688787441837e-30, 1.0764911891885408e-29, 1.2085419665703046e-29, 1.3567911188038724e-29, 1.523225664466786e-29, 1.7100763652814527e-29, 1.9198476255439893e-29, 2.155351059249506e-29, 2.4197431748218114e-29, 2.716567682545185e-29, 3.0498029917544273e-29, 3.423915534399582e-29, 3.843919629693458e-29, 4.3154446922224566e-29, 4.844810684326434e-29, 5.439112824054192e-29, 6.106316684055021e-29, 6.855364956039971e-29, 7.696297311801434e-29, 8.640384967317429e-29, 9.700281753534542e-29, 1.0890193718668173e-28, 1.2226069535238619e-28, 1.3725814263914813e-28, 1.5409529339292178e-28, 1.7299781994192672e-28, 1.942190773364271e-28, 2.1804349912661246e-28, 2.4479040969298055e-28, 2.7481830422681775e-28, 3.0852965372633827e-28, 3.463762994110126e-28, 3.8886550885667565e-28, 4.365667750232727e-28, 4.901194493041729e-28, 5.502413109046652e-28, 6.177381874070106e-28, 6.935147554688328e-28, 7.785866664190893e-28, 8.740941592739309e-28, 9.813173436308685e-28, 1.1016933572816108e-27, 1.2368356285109967e-27, 1.3885555012592969e-27, 1.5588865129949634e-27, 1.750111650700088e-27, 1.9647939502867984e-27, 2.2058108495760097e-27, 2.47639275527949e-27, 2.780166340907928e-27, 3.1212031559368027e-27, 3.504074197750516e-27, 3.9339111778052546e-27, 4.4164753031759184e-27, 4.9582344953819934e-27, 5.5664500814750494e-27, 6.249274119328668e-27, 7.015858661605452e-27, 7.876478422891133e-27, 8.842668494133206e-27, 9.927378950202725e-27, 1.1145148422822189e-26, 1.2512298965297317e-26, 1.404715482087208e-26, 1.5770288026910117e-26, 1.7704794146795388e-26, 1.9876601825250022e-26, 2.2314820316114553e-26, 2.505212964058614e-26, 2.812521860530104e-26, 3.157527655111843e-26, 3.5448545423632253e-26, 3.979693956494608e-26, 4.467874153392233e-26, 5.015938328115359e-26, 5.631232314892858e-26, 6.322003045082896e-26, 7.097509082751784e-26, 7.96814471940577e-26, 8.945579291147205e-26, 1.0042913585556654e-25, 1.1274855434658367e-25, 1.265791684748418e-25, 1.4210635324450168e-25, 1.5953822319874555e-25, 1.7910842182840653e-25, 2.01079253151134e-25, 2.257451974344004e-25, 2.5343685818443677e-25, 2.845253933034969e-25, 3.1942748980732473e-25, 3.5861094878013954e-25, 4.0260095542359885e-25, 4.519871182387371e-25, 5.07431371688655e-25, 5.696768482632392e-25, 6.39557838860347e-25, 7.18010974984732e-25, 8.060877826424359e-25, 9.049687761934577e-25, 1.0159792810659127e-24, 1.1406071974073831e-24, 1.2805229427637637e-24, 1.4376018410821066e-24, 1.6139492581226917e-24, 1.811928820176028e-24, 2.0341940943070924e-24, 2.2837241547446036e-24, 2.5638635121199833e-24, 2.878366940737351e-24, 3.231449804704753e-24, 3.6278445574598315e-24, 4.072864171966743e-24, 4.5724733517538576e-24, 5.13336847725102e-24, 5.763067358966033e-24, 6.4700100004832286e-24, 7.263671721835189e-24, 8.154690159466219e-24, 9.155007844998463e-24, 1.0278032273818435e-23, 1.1538815608920003e-23, 1.2954256428618017e-23, 1.4543326222204822e-23, 1.6327323669324086e-23, 1.833016011123044e-23, 2.0578680040171932e-23, 2.3103020902491196e-23, 2.5937017037973523e-23, 2.911865316953371e-23, 3.2690573521473944e-23, 3.670065339014493e-23, 4.120264082790602e-23, 4.6256877041030903e-23, 5.193110515721795e-23, 5.830137820280968e-23, 6.545307845956009e-23, 7.348206186362277e-23, 8.249594278541708e-23, 9.261553641058022e-23, 1.0397647805457556e-22, 1.167310411150261e-22, 1.3105017802820638e-22, 1.4712581158512188e-22, 1.651734073182399e-22, 1.8543486143716276e-22, 2.081817430209453e-22, 2.337189339229265e-22, 2.6238871517457225e-22, 2.945753546594019e-22, 3.307102575466283e-22, 3.712777485170602e-22, 4.1682156328175486e-22, 4.679521364008234e-22, 5.253547830827399e-22, 5.897988846267597e-22, 6.621482006230841e-22, 7.43372446127714e-22, 8.3456028898348615e-22, 9.369339414936297e-22, 1.0518655420233619e-21, 1.1808955460961104e-21, 1.3257533734845538e-21, 1.4883805880343633e-21, 1.6709569209052506e-21, 1.875929486025194e-21, 2.106045579339185e-21, 2.3643895014690096e-21, 2.65442389732655e-21, 2.9800361667654884e-21, 3.3455905683243034e-21, 3.7559867144194465e-21, 4.216725242013467e-21, 4.733981538958135e-21, 5.314688514183413e-21, 5.966629521121774e-21, 6.69854267984166e-21, 7.52023799614498e-21, 8.44272884740349e-21, 9.478379597470051e-21, 1.0641071319182002e-20, 1.1946387845675908e-20, 1.3411824644201589e-20, 1.5057023312023225e-20, 1.6904034837409496e-20]

Optimization terminated successfully;
The returned value satisfies the termination criteria
(using xtol =  0.001 )
ThreeC111 nullLLH: 90060.10522597255
ThreeC111 TS: 0.8280143007868901
ThreeC111 log_val: [90060.10521846797, 90060.10521726965, 90060.10521579505, 90060.10521420854, 90060.10521251908, 90060.10521098161, 90060.10520947937, 90060.10520739054, 90060.10520543474, 90060.10520241634, 90060.10519897935, 90060.10519542519, 90060.10519134576, 90060.1051872731, 90060.10518158221, 90060.10517564206, 90060.10516917158, 90060.1051629418, 90060.10515468103, 90060.10514608018, 90060.10513674347, 90060.10512657209, 90060.10511184834, 90060.10509892595, 90060.10508271844, 90060.1050653404, 90060.10504446263, 90060.10502292897, 90060.10499606114, 90060.10496852742, 90060.1049376077, 90060.10490148133, 90060.10486323643, 90060.10481990936, 90060.1047678158, 90060.10471234214, 90060.10464950436, 90060.10458107854, 90060.10450027185, 90060.1044135113, 90060.10431246605, 90060.10420045664, 90060.10407167433, 90060.10393404661, 90060.1037728672, 90060.10359325595, 90060.10339439871, 90060.10316886423, 90060.10291873835, 90060.1026361114, 90060.10231759286, 90060.10196286859, 90060.10156099118, 90060.10111251916, 90060.10060915512, 90060.10004379149, 90060.09940566287, 90060.09869931646, 90060.09789872507, 90060.0970050848, 90060.09600660462, 90060.09488346713, 90060.09362396917, 90060.09221372787, 90060.09063376546, 90060.08886104825, 90060.08688049838, 90060.08466452599, 90060.08218393334, 90060.07940964332, 90060.07630835235, 90060.07284511597, 90060.06898424737, 90060.06466709981, 90060.05985786562, 90060.05450730064, 90060.0485536731, 90060.04193055902, 90060.03458102717, 90060.0264460717, 90060.01742739545, 90060.00748104337, 90059.99652553094, 90059.9844981047, 90059.97131120591, 90059.95690967895, 90059.9412509001, 90059.92431654345, 90059.90608797302, 90059.8866069029, 90059.86594438457, 90059.84425878285, 90059.82177917733, 90059.79883280856, 90059.77587116175, 90059.75356858017, 90059.73277033588, 90059.71459310334, 90059.7005059084, 90059.69236217973, 90059.6924975948, 90059.70386123937, 90059.7301280901, 90059.77582725626, 90059.84651545361, 90059.94900552848, 90060.0915542904, 90060.2841794287, 90060.53895340177, 90060.87036232422, 90061.29578398287, 90061.8359488266, 90062.51555365606, 90063.36393854089, 90064.41591950324, 90065.71269410719, 90067.30298926223, 90069.24426813688, 90071.60429838674, 90074.46286040531, 90077.91377400942, 90082.06729612757, 90087.05278275491, 90093.02202763474, 90100.15284284763, 90108.65344732559, 90118.76747494758, 90130.77980158097, 90145.02334955364, 90161.88689061029, 90181.82426850677, 90205.36491142072, 90233.12625103396, 90265.82789228401, 90304.30839133427, 90349.54430647186, 90402.67267942216, 90465.01692085546, 90538.11693975684, 90623.76390553096, 90724.04095235786, 90841.36991621139, 90978.56593385282, 91138.90062409882, 91326.17522378155, 91544.80568187044, 91799.92104697973, 92097.4777145033, 92444.39180045864, 92848.69255688993, 93319.7002562438, 93868.2323540309, 94506.8422244792, 95250.09601528675, 96114.89323015233, 97120.8379371866, 98290.66880169405, 99650.75685021955, 101231.6815266485, 103068.89743213022, 105203.50602244184, 107683.14794043689, 110563.03576412976, 113907.14884061013, 117789.61515032887, 122296.3101338465, 127526.70619871176, 133596.01163909704, 140637.6445020408, 148806.0926603991, 158280.2198399555, 169267.0856233164, 182006.3585127627, 196775.41145698138, 213895.2045226881, 233737.07378099603, 256730.56429478765, 283372.46579104505, 314237.2334153388, 349989.0031370444, 391395.44248541887, 439343.7107181457, 494858.8426438295, 559124.9114142845, 633509.3747927186, 719591.0608121987, 819192.3084442253, 934415.8435356538, 1067687.0432741384, 1221802.3240065586, 1399984.4780876206, 1605945.886925173, 1843960.650904346, 2118946.8007391086, 2436559.893683126, 2803299.445442196, 3226629.812811066, 3715117.3151249336, 4278585.571128272, 4928291.229812471]
ThreeC111 norms: [2.5520935017683776e-30, 2.865153129421714e-30, 3.216615084575435e-30, 3.611190095241594e-30, 4.054166743949175e-30, 4.5514823518709954e-30, 5.1098025581488034e-30, 5.736610661036765e-30, 6.440307918324528e-30, 7.230326151389446e-30, 8.117254162137448e-30, 9.112979657228216e-30, 1.0230848581829716e-29, 1.1485843998489009e-29, 1.2894786908676276e-29, 1.4476561708659952e-29, 1.6252369301553132e-29, 1.8246011258050116e-29, 2.0484208834528488e-29, 2.2996961124390588e-29, 2.581794714303426e-29, 2.8984977235690087e-29, 3.254049985845401e-29, 3.653217052501943e-29, 4.1013490544840847e-29, 4.604452411388319e-29, 5.169270336929852e-29, 5.803373219836518e-29, 6.515260091566132e-29, 7.314472540842394e-29, 8.211722601833564e-29, 9.219036330088894e-29, 1.0349914990616178e-28, 1.1619516018541235e-28, 1.3044856177809e-28, 1.4645039640909584e-28, 1.6441514046637533e-28, 1.8458357967885288e-28, 2.072260364247149e-28, 2.3264599292640493e-28, 2.61184158894899e-28, 2.9322303814283023e-28, 3.2919205537388958e-28, 3.695733118640523e-28, 4.149080471794323e-28, 4.6580389353865195e-28, 5.229430200517096e-28, 5.870912759944723e-28, 6.591084556683355e-28, 7.399598224273194e-28, 8.307290463319408e-28, 9.326327288362396e-28, 1.0470367091858934e-27, 1.1754743710858137e-27, 1.3196671950059423e-27, 1.4815478315925789e-27, 1.663286005443811e-27, 1.8673175964432945e-27, 2.09637728843657e-27, 2.353535222847716e-27, 2.6422381485137164e-27, 2.9663556192772223e-27, 3.3302318585352704e-27, 3.738743985896563e-27, 4.19736738637343e-27, 4.712249098266752e-27, 5.2902902033795056e-27, 5.939238323854127e-27, 6.667791465391395e-27, 7.485714598685347e-27, 8.403970541643525e-27, 9.434866896637381e-27, 1.0592221012218748e-26, 1.1891545180322053e-26, 1.3350254551195486e-26, 1.4987900552793212e-26, 1.6826432943205814e-26, 1.889049400847784e-26, 2.1207748849017308e-26, 2.3809256181502733e-26, 2.672988462623619e-26, 3.000878005953745e-26, 3.3689890295216817e-26, 3.7822554127554554e-26, 4.246216263087381e-26, 4.7670901579257466e-26, 5.3518584937238e-26, 6.008359059293823e-26, 6.745391087550909e-26, 7.572833193720448e-26, 8.501775780762972e-26, 9.544669686677304e-26, 1.0715493066038143e-25, 1.2029938742519677e-25, 1.3505624543536014e-25, 1.5162329436164543e-25, 1.7022258629336284e-25, 1.9110341195522158e-25, 2.145456420100897e-25, 2.4086347823191503e-25, 2.704096648266938e-25, 3.0358021634679153e-25, 3.4081972556798284e-25, 3.8262732247197304e-25, 4.295633642040131e-25, 4.822569456727332e-25, 5.414143314585361e-25, 6.078284220453991e-25, 6.82389381254298e-25, 7.66096567320189e-25, 8.60071927527632e-25, 9.655750359365985e-25, 1.0840199757525626e-24, 1.216994292619373e-24, 1.3662802728703675e-24, 1.5338788319351192e-24, 1.722036333083964e-24, 1.9332746959681117e-24, 2.1704251985073106e-24, 2.436666425179963e-24, 2.735566870345337e-24, 3.0711327676205376e-24, 3.447861786380673e-24, 3.870803315088998e-24, 4.345626139449233e-24, 4.878694422485893e-24, 5.47715300493185e-24, 6.14902316922489e-24, 6.9033101506601e-24, 7.750123836696158e-24, 8.700814272176813e-24, 9.768123786675833e-24, 1.0966357782965352e-23, 1.2311576475724768e-23, 1.3821810150410008e-23, 1.5517300827449933e-23, 1.7420773570850687e-23, 1.9557741077622926e-23, 2.1956845630516044e-23, 2.4650242997332034e-23, 2.767403342231522e-23, 3.106874548629466e-23, 3.4879879320872494e-23, 3.9158516457489713e-23, 4.3962004485316436e-23, 4.93547256946025e-23, 5.540896000779667e-23, 6.220585376450267e-23, 6.983650734513334e-23, 7.840319621093291e-23, 8.802074172625932e-23, 9.881805013658972e-23, 1.109398403295249e-22, 1.2454858353639263e-22, 1.3982668097272835e-22, 1.5697890860505945e-22, 1.7623516181179922e-22, 1.978535367255718e-22, 2.221237895569372e-22, 2.493712202656707e-22, 2.7996103263333463e-22, 3.143032291762534e-22, 3.5285810650656554e-22, 3.961424247969666e-22, 4.447363340399882e-22, 4.99291149936034e-22, 5.605380836323398e-22, 6.292980423195359e-22, 7.064926320455857e-22, 7.931565102204106e-22, 8.904512533747605e-22, 9.996809260461538e-22, 1.1223095594654707e-21, 1.2599807743149994e-21, 1.4145398105666483e-21, 1.5880582596712638e-21, 1.7828618305905918e-21, 2.0015615218265487e-21, 2.247088617253941e-21, 2.5227339748139694e-21, 2.8321921346645012e-21, 3.1796108379786276e-21, 3.569646620104311e-21, 4.007527223212899e-21, 4.4991216649683894e-21, 5.0510189023643164e-21, 5.670616145078415e-21, 6.366218002029644e-21, 7.147147790023124e-21, 8.023872496377977e-21, 9.008143070443299e-21, 1.011315192436142e-20, 1.1353709754099412e-20, 1.2746444050722768e-20, 1.4310021962605174e-20, 1.606540049564876e-20, 1.8036107405009625e-20, 2.0248556543184012e-20, 2.2732401891144164e-20, 2.5520935017683774e-20]

Optimization terminated successfully;
The returned value satisfies the termination criteria
(using xtol =  0.001 )
NGC4151 nullLLH: 90477.78013815875
NGC4151 TS: 0.29680494213243946
NGC4151 log_val: [90477.78013562408, 90477.78013529687, 90477.78013491844, 90477.78013468756, 90477.78013377739, 90477.7801331101, 90477.78013251116, 90477.78013201877, 90477.78013100903, 90477.78012981567, 90477.78012918436, 90477.78012810163, 90477.78012695118, 90477.78012544963, 90477.78012364267, 90477.78012191952, 90477.78011971468, 90477.78011660663, 90477.78011400804, 90477.78011119284, 90477.7801083044, 90477.78010470906, 90477.78010025765, 90477.78009590224, 90477.78009047559, 90477.78008376429, 90477.78007732838, 90477.78006916666, 90477.78006014894, 90477.78005065926, 90477.7800399319, 90477.78002707905, 90477.78001306872, 90477.77999748275, 90477.77998025269, 90477.7799608061, 90477.77993911479, 90477.77991262906, 90477.77988504805, 90477.77985301634, 90477.7798191147, 90477.77977890793, 90477.77973317796, 90477.77967944925, 90477.77962149741, 90477.7795616982, 90477.77949156406, 90477.77940711634, 90477.77932147165, 90477.77922069842, 90477.7791047789, 90477.77898349309, 90477.77884255046, 90477.7786809586, 90477.77850096015, 90477.77830309508, 90477.7780777204, 90477.7778255874, 90477.77754167549, 90477.77722607827, 90477.7768692986, 90477.77647464247, 90477.7760280159, 90477.77552925027, 90477.77496613786, 90477.77434153121, 90477.7736383738, 90477.77285010122, 90477.77197146535, 90477.77099020344, 90477.76989396657, 90477.76866389903, 90477.76728829474, 90477.76576051551, 90477.7640563566, 90477.76215362332, 90477.76003868305, 90477.75769186548, 90477.75508220539, 90477.75219483353, 90477.74899319316, 90477.74545586586, 90477.74156243663, 90477.73727570278, 90477.73258027686, 90477.72745696829, 90477.72187634344, 90477.71583053599, 90477.709321266, 90477.70234756457, 90477.69496488389, 90477.68718459163, 90477.67911828941, 90477.67085670718, 90477.66259426564, 90477.65453798167, 90477.64701179774, 90477.64039444408, 90477.63523758938, 90477.63220281644, 90477.63214229234, 90477.63616166388, 90477.64557786219, 90477.6620997307, 90477.68777560338, 90477.72515577951, 90477.7773465458, 90477.84815491544, 90477.94210516452, 90478.06476908333, 90478.22275365125, 90478.42403319982, 90478.67811590122, 90478.99634883339, 90479.39223286067, 90479.88178513826, 90480.48401416767, 90481.22138865326, 90482.12045164207, 90483.21259842221, 90484.53475069064, 90486.13047664614, 90488.05102559927, 90490.35660849507, 90493.11804361359, 90496.41843869087, 90500.355319511, 90505.04300372647, 90510.61544967341, 90517.22953572846, 90525.06881779137, 90534.34797668312, 90545.31790907208, 90558.27173126704, 90573.55157832957, 90591.55675630846, 90612.75290397198, 90637.68288081572, 90666.97920903086, 90701.37864881498, 90741.73899696468, 90789.05861375367, 90844.49920051887, 90909.41190911793, 90985.36803996279, 91074.19425175697, 91178.01366903092, 91299.29346131971, 91440.89992151834, 91606.1625244805, 91798.94793025003, 92023.74593048332, 92285.76900721675, 92591.06758598225, 92946.66378981316, 93360.70613732305, 93842.64897304184, 94403.4602937621, 95055.86227986803, 95814.61034184736, 96696.81583654656, 97722.32012594245, 98914.12742183483, 100298.9061544526, 101907.56891800705, 103775.94393052238, 105945.55185234302, 108464.50451470778, 111388.54485862076, 114782.24976391814, 118720.4216744456, 123289.6983244102, 128590.41439706612, 134738.75464136398, 141869.24311900706, 150137.6207267246, 159724.17022860423, 170837.5573476784, 183719.2663771956, 198648.72090502104, 215949.19349190846, 235994.62394509977, 259217.48462577027, 286117.8510492297, 317273.8605643555, 353353.7688180064, 395129.84362543025, 443494.3704904643, 499478.08179197315, 564271.363626897, 639248.6414921938, 725996.3977277372, 826345.3316158595, 942407.2371459382, 1076617.2459542053, 1231782.1626888963, 1411135.710429118, 1618401.6037422454, 1857865.4778649223, 2134456.8251422592]
NGC4151 norms: [1.3295346331123126e-30, 1.4926256863617133e-30, 1.675722755992765e-30, 1.881279935491798e-30, 2.1120523565291394e-30, 2.3711331166428312e-30, 2.66199473675918e-30, 2.9885357042149266e-30, 3.355132725108536e-30, 3.766699386330861e-30, 4.228752013536641e-30, 4.747483607766541e-30, 5.3298468517103364e-30, 5.9836472981632505e-30, 6.717647989702973e-30, 7.541686911829214e-30, 8.46680885381893e-30, 9.505413444658522e-30, 1.0671421348214602e-29, 1.1980460845195827e-29, 1.345007730270945e-29, 1.509996833898112e-29, 1.6952247835207814e-29, 1.9031742333156228e-29, 2.1366323791195955e-29, 2.3987283158773038e-29, 2.6929749776433326e-29, 3.023316222271167e-29, 3.3941796918762884e-29, 3.810536157574364e-29, 4.277966143906488e-29, 4.802734725934128e-29, 5.391875501527524e-29, 6.053284864347394e-29, 6.795827841083638e-29, 7.629456911512151e-29, 8.565345403944018e-29, 9.61603725399689e-29, 1.0795615133941794e-28, 1.2119889206102051e-28, 1.3606609030212304e-28, 1.5275701464980547e-28, 1.714953775250569e-28, 1.9253233365345166e-28, 2.161498463515612e-28, 2.4266446674821116e-28, 2.7243157659440478e-28, 3.0585015152928043e-28, 3.4336810864532155e-28, 3.854883100274615e-28, 4.327753027329791e-28, 4.858628855497009e-28, 5.454626039516209e-28, 6.123732871117757e-28, 6.8749175479927955e-28, 7.718248376675478e-28, 8.665028720445693e-28, 9.72794850099e-28, 1.0921254284434366e-27, 1.226094023145134e-27, 1.3764962470792606e-27, 1.545347976954461e-27, 1.7349123725869154e-27, 1.9477302105685113e-27, 2.1866539388986945e-27, 2.454885909022043e-27, 2.7560212977048635e-27, 3.0940962940426956e-27, 3.4736421974609656e-27, 3.899746151796704e-27, 4.378119329494996e-27, 4.915173479808793e-27, 5.518106866996324e-27, 6.195000750365482e-27, 6.954927699310678e-27, 7.808073195113788e-27, 8.765872149367842e-27, 9.841162168811225e-27, 1.1048355620818215e-26, 1.2403632805779643e-26, 1.392515882551029e-26, 1.563332705442006e-26, 1.7551032476752242e-26, 1.970397855349138e-26, 2.2121021731952943e-26, 2.4834558215596083e-26, 2.788095817802788e-26, 3.130105324107461e-26, 3.514068375070059e-26, 3.945131318604658e-26, 4.4290717936656985e-26, 4.972376169314205e-26, 5.582326483062196e-26, 6.267098043749924e-26, 7.035869007150688e-26, 7.898943392971586e-26, 8.867889192075344e-26, 9.955693415007813e-26, 1.1176936159983157e-25, 1.2547986033400768e-25, 1.4087219542162796e-25, 1.5815267398358027e-25, 1.7755291037592728e-25, 1.993329305721069e-25, 2.2378465735277237e-25, 2.5123582301611677e-25, 2.8205436205166233e-25, 3.1665334265355206e-25, 3.554965031716193e-25, 3.9910446770656413e-25, 4.480617241583459e-25, 5.0302445825626545e-25, 5.647293485720436e-25, 6.34003440397587e-25, 7.117752308293591e-25, 7.990871136353403e-25, 8.971093507061682e-25, 1.0071557573530317e-24, 1.130701311686123e-24, 1.2694019240964135e-24, 1.4251166318156605e-24, 1.5999325160337141e-24, 1.796192675543135e-24, 2.0165276318484382e-24, 2.2638905866703153e-24, 2.5415970044092677e-24, 2.8533690501019003e-24, 3.203385478482559e-24, 3.596337642824879e-24, 4.0374923742633264e-24, 4.5327625743811254e-24, 5.088786467233591e-24, 5.713016573041082e-24, 6.41381959608645e-24, 7.200588565638385e-24, 8.083868732952653e-24, 9.075498911777618e-24, 1.0188770156785169e-23, 1.1438603906731499e-23, 1.2841751980042319e-23, 1.4417021103412164e-23, 1.6185524982826243e-23, 1.817096729557315e-23, 2.039995939625888e-23, 2.290237699510891e-23, 2.5711760589204143e-23, 2.886576501372508e-23, 3.2406664138645006e-23, 3.638191747544524e-23, 4.084480628821252e-23, 4.585514773506793e-23, 5.148009661173804e-23, 5.77950454432214e-23, 6.488463498769753e-23, 7.284388869670067e-23, 8.177948633699429e-23, 9.181119384481119e-23, 1.0307346857712452e-22, 1.1571726147551696e-22, 1.29912040297487e-22, 1.4584806103302653e-22, 1.637389179508168e-22, 1.8382440645291442e-22, 2.0637373710943985e-22, 2.316891439517622e-22, 2.6010993538695074e-22, 2.9201704202890895e-22, 3.2783812240180824e-22, 3.680532949488029e-22, 4.1320157317349042e-22, 4.638880901658509e-22, 5.207922093446782e-22, 5.846766301267711e-22, 6.563976105682262e-22, 7.369164439944471e-22, 8.273123434427504e-22, 9.287969066108842e-22, 1.0427303551885703e-21, 1.1706397662316992e-21, 1.3142395399385583e-21, 1.4754543781627063e-21, 1.656445081648704e-21, 1.8596375117574845e-21, 2.0877551048619604e-21, 2.3438553752112072e-21, 2.6313708955197135e-21, 2.9541553045542903e-21, 3.316534958369118e-21, 3.723366917483059e-21, 4.180104047214519e-21, 4.692868103729855e-21, 5.268531785394299e-21, 5.914810849179557e-21, 6.640367526786004e-21, 7.454926626590398e-21, 8.369405877560704e-21, 9.396062262169451e-21, 1.0548656299638734e-20, 1.184263648144621e-20, 1.3295346331123125e-20]

Optimization terminated successfully;
The returned value satisfies the termination criteria
(using xtol =  0.001 )

Total nullLLH: 538307.2143351762
10:59:26 WARNING   The current value of the parameter K (1.0)   parameter.py:794
                  was above the new maximum 0.001.                              
Loaded clm YML File
10:59:26 INFO      set the minimizer to minuit          joint_likelihood.py:1045
         INFO      set the minimizer to ROOT            joint_likelihood.py:1062
         WARNING   get_number_of_data_points not         plugin_prototype.py:130
                  implemented, values for statistical                           
                  measurements such as AIC or BIC are                           
                  unreliable                                                    
         WARNING   50.019999999999996 percent of        analysis_results.py:1740
                  samples have been thrown away because                         
                  they failed the constraints on the                            
                  parameters. This results might not be                         
                  suitable for error propagation.                               
                  Enlarge the boundaries until you                              
                  loose less than 1 percent of the                              
                  samples.                                                      
         WARNING   The current value of the parameter K (1.0)   parameter.py:794
                  was above the new maximum 0.001.                              
Parameter results:                                            value  negative_error  \
finalNorm.spectrum.main.Powerlaw.K  1.000000e-35    1.259808e-47   

                                    positive_error         error  \
finalNorm.spectrum.main.Powerlaw.K    8.660159e-47  4.959983e-47   

                                               unit  
finalNorm.spectrum.main.Powerlaw.K  1 / (keV s cm2)  
Likelihood results:          -log(likelihood)
stacked      1.735299e+08
total        1.735299e+08
total Alt LLH: 173529854.74572614
total Null LLH:  538307.2143351762
Total TS: -345983095.06278193
TS not computed through lh.compute_TS()

Optimization terminated successfully;
The returned value satisfies the termination criteria
(using xtol =  0.001 )
NGC1275 nullLLH: 88615.72180345678
NGC1275 TS: 0.4087133457651362
NGC1275 log_val: [88615.72179913643, 88615.72179845232, 88615.72179784568, 88615.7217970815, 88615.72179676418, 88615.72179601072, 88615.72179516715, 88615.72179389549, 88615.7217923355, 88615.72179124539, 88615.72178973832, 88615.72178811982, 88615.72178583952, 88615.7217843921, 88615.7217823713, 88615.72178020317, 88615.72177661199, 88615.72177331526, 88615.72176914697, 88615.72176528537, 88615.72175995164, 88615.72175468896, 88615.72174901392, 88615.72174140922, 88615.72173354677, 88615.72172372579, 88615.72171439898, 88615.72170239, 88615.72169137663, 88615.72167816194, 88615.72166248906, 88615.72164378232, 88615.7216247754, 88615.72160432917, 88615.72158012977, 88615.72155123898, 88615.72152029812, 88615.72148462449, 88615.72144749953, 88615.72140426758, 88615.7213550835, 88615.72130113396, 88615.72123929797, 88615.72117237706, 88615.721092753, 88615.72100670272, 88615.72090878534, 88615.7208000391, 88615.72067821216, 88615.72053843764, 88615.72038147207, 88615.72020733771, 88615.72001371068, 88615.71979689275, 88615.7195507243, 88615.719273652, 88615.71896494128, 88615.71862008543, 88615.71823109881, 88615.71779562323, 88615.71730948039, 88615.71675931876, 88615.7161467507, 88615.7154592868, 88615.71468984251, 88615.7138312569, 88615.71286633491, 88615.7117819687, 88615.71057445963, 88615.70922200676, 88615.70770907354, 88615.70601996352, 88615.70413565157, 88615.70203270264, 88615.69968411585, 88615.69707068794, 88615.69415734425, 88615.69093157834, 88615.68733690119, 88615.68334954689, 88615.67894407023, 88615.67407424648, 88615.66871453887, 88615.66281059636, 88615.6563444826, 88615.64927273212, 88615.64158186624, 88615.63325084798, 88615.62427966176, 88615.61466967042, 88615.60447867423, 88615.59375950179, 88615.5826214305, 88615.57124603573, 88615.559838398, 88615.54873219407, 88615.5383531502, 88615.52924736383, 88615.52216255813, 88615.51804355202, 88615.51806309728, 88615.52374595772, 88615.53695605979, 88615.56004655537, 88615.59588798121, 88615.6479984667, 88615.72071358637, 88615.81924955508, 88615.94992831693, 88616.12036689249, 88616.33969513747, 88616.61882109055, 88616.97074993377, 88617.41092960488, 88617.9576814157, 88618.6327006206, 88619.46158278927, 88620.47449024965, 88621.70699488581, 88623.20087376227, 88625.00521490561, 88627.17764501748, 88629.78574174408, 88632.9086876172, 88636.63920854496, 88641.08585083342, 88646.37560850948, 88652.65691740236, 88660.10329134966, 88668.91742691094, 88679.33599984195, 88691.63524342993, 88706.13745148547, 88723.21850374357, 88743.31662209136, 88766.94253145704, 88794.69126765139, 88827.25583320585, 88865.44312802603, 88910.19246683571, 88962.59690390718, 89023.92816939416, 89095.66552612111, 89179.52925355625, 89277.51951157331, 89391.96147501217, 89525.55753858807, 89681.44802116445, 89863.2814078386, 90075.29581562235, 90322.41346293937, 90610.34995611668, 90945.74113522882, 91336.2897732922, 91790.935630283, 92320.05236243625, 92935.67550319528, 93651.7664324125, 94484.51798255062, 95452.7080471571, 96578.10887701823, 97885.96047022093, 99405.51830178064, 101170.68664170904, 103220.7510017933, 105601.22510808405, 108364.83010587821, 111572.62686350923, 115295.32486011405, 119614.79582635092, 124625.82305978367, 130438.12367320768, 137178.6854370583, 144994.46668461466, 154055.5146577718, 164558.56627346587, 176731.2044351659, 190836.6543850607, 207179.317176939, 226111.1521529934, 248039.03707690755, 273433.25435558514, 302837.27360258735, 336879.02601382125, 376283.89399689966, 421889.67126758746, 474663.7833752886, 535723.0979128088, 606356.6964757297, 688052.0286786929, 782524.9220524987, 891753.9810278987, 1018019.9747062583, 1163950.8883412913, 1332573.3956146429, 1527371.6024705623, 1752354.0151439167, 2012129.7984257275, 2311995.51314666, 2658033.6558258105]
NGC1275 norms: [4.2354361351281e-31, 4.754987655671499e-31, 5.338271404464158e-31, 5.993105272046208e-31, 6.728266152184021e-31, 7.553607580660588e-31, 8.480191804554678e-31, 9.520438052164028e-31, 1.0688288990870596e-30, 1.1999397604020807e-30, 1.3471336991577114e-30, 1.512383590654771e-30, 1.697904318414678e-30, 1.906182460788998e-30, 2.140009619159361e-30, 2.402519834433359e-30, 2.6972315933388622e-30, 3.0280949875367586e-30, 3.3995446576371685e-30, 3.816559231740093e-30, 4.2847280551697826e-30, 4.8103261057967686e-30, 5.4003980990558334e-30, 6.0628529099390305e-30, 6.806569577524794e-30, 7.641516312846184e-30, 8.57888410518964e-30, 9.631236717580541e-30, 1.081267908188172e-29, 1.2139046350543075e-29, 1.3628116138908845e-29, 1.5299846802815548e-29, 1.7176644945173434e-29, 1.928366573698359e-29, 2.1649150078066262e-29, 2.4304803116544057e-29, 2.7286219200469145e-29, 3.063335895731864e-29, 3.439108489577067e-29, 3.860976270855615e-29, 4.334593633579548e-29, 4.8663085836848886e-29, 5.463247822862109e-29, 6.13341226943039e-29, 6.885784296545308e-29, 7.730448125078229e-29, 8.678724984822472e-29, 9.743324855623294e-29, 1.093851682225515e-28, 1.2280320326351745e-28, 1.3786719878784985e-28, 1.547790611033278e-28, 1.7376546391496686e-28, 1.9508088648648906e-28, 2.190110244863038e-28, 2.4587661923436045e-28, 2.7603775667420493e-28, 3.0989869369034874e-28, 3.4791327645925557e-28, 3.905910234573638e-28, 4.385039546581877e-28, 4.922942584517933e-28, 5.526828990482352e-28, 6.204792797319827e-28, 6.965920914862969e-28, 7.8204149239416025e-28, 8.779727810592312e-28, 9.85671747314862e-28, 1.1065819059704872e-27, 1.2423238445832367e-27, 1.394716944577665e-27, 1.5658037668468087e-27, 1.757877428680748e-27, 1.9735123389619253e-27, 2.2155987035785164e-27, 2.4873812635399332e-27, 2.792502785010885e-27, 3.1350528841709102e-27, 3.519622841310832e-27, 3.9513671388522274e-27, 4.436072548099015e-27, 4.980235690706793e-27, 5.5911501144448724e-27, 6.2770040503485426e-27, 7.046990161523143e-27, 7.911428754589778e-27, 8.881906105204791e-27, 9.971429751662343e-27, 1.1194602838018225e-26, 1.2567819843495832e-26, 1.410948632158246e-26, 1.5840265594032225e-26, 1.7783355706272067e-26, 1.9964800356311242e-26, 2.2413837964607978e-26, 2.5163293563558534e-26, 2.825001875919919e-26, 3.1715385662029063e-26, 3.5605841407226873e-26, 3.997353069663045e-26, 4.4876994706552174e-26, 5.0381955729061395e-26, 5.656219806346608e-26, 6.350055696478899e-26, 7.129002890435609e-26, 8.003501802357549e-26, 8.985273548742514e-26, 1.0087477049352344e-25, 1.1324885399337806e-25, 1.271408387653967e-25, 1.427369223790461e-25, 1.602461428450692e-25, 1.7990318040156924e-25, 2.0197150298894523e-25, 2.267468975732313e-25, 2.5456143464902355e-25, 2.857879190591372e-25, 3.208448867864095e-25, 3.602022146908296e-25, 4.0438741838061687e-25, 4.539927226291521e-25, 5.096829991041856e-25, 5.7220467780060895e-25, 6.423957516188808e-25, 7.2119700818277305e-25, 8.096646394392121e-25, 9.089843980496615e-25, 1.0204874903144785e-24, 1.1456684186469912e-24, 1.2862050127440802e-24, 1.4439809179358412e-24, 1.6211108421311282e-24, 1.81996889974959e-24, 2.043220432540793e-24, 2.293857733792388e-24, 2.5752401547472553e-24, 2.891139130785738e-24, 3.2457887308692337e-24, 3.643942407771444e-24, 4.0909367097343924e-24, 4.592762807491154e-24, 5.1561467953493565e-24, 5.7886398426298144e-24, 6.498719403781187e-24, 7.295902843714531e-24, 8.190875001304257e-24, 9.195631400819613e-24, 1.0323639030784258e-23, 1.1590016845219873e-23, 1.3011738406575792e-23, 1.4607859386415676e-23, 1.6399772973106292e-23, 1.841149660980002e-23, 2.0669993905926205e-23, 2.320553603684821e-23, 2.6052107475613277e-23, 2.924786149491112e-23, 3.2835631544444457e-23, 3.686350535782312e-23, 4.138546948387115e-23, 4.646213288115762e-23, 5.2161539274252684e-23, 5.8560079159922e-23, 6.574351368708649e-23, 7.380812413385894e-23, 8.286200238836899e-23, 9.302649972999851e-23, 1.044378533293815e-22, 1.1724901226754636e-22, 1.316316875487481e-22, 1.4777865358382379e-22, 1.6590633199137692e-22, 1.8625769234810462e-22, 2.0910550876770828e-22, 2.347560159570904e-22, 2.6355301375281517e-22, 2.958824751519396e-22, 3.32177719599696e-22, 3.729252208728893e-22, 4.186711274033942e-22, 4.700285824352297e-22, 5.276859421290022e-22, 5.924160017629265e-22, 6.650863536913616e-22, 7.46671015891111e-22, 8.382634869555292e-22, 9.41091402515773e-22, 1.0565329895325495e-21, 1.1861355389992286e-21, 1.33163614465031e-21, 1.4949849856410965e-21, 1.678371465261782e-21, 1.884253556029538e-21, 2.1153907444775102e-21, 2.374881017207944e-21, 2.666202383941933e-21, 2.993259494109307e-21, 3.3604359717917933e-21, 3.772653170477163e-21, 4.2354361351281e-21]

Optimization terminated successfully;
The returned value satisfies the termination criteria
(using xtol =  0.001 )
ThreeC111 nullLLH: 90060.10522597255
ThreeC111 TS: 0.8280058289237786
ThreeC111 log_val: [90060.10521855018, 90060.10521704121, 90060.10521628817, 90060.10521435336, 90060.10521251113, 90060.10521100428, 90060.10520953586, 90060.1052074191, 90060.10520535849, 90060.10520239973, 90060.10519901564, 90060.10519546716, 90060.10519162055, 90060.10518736177, 90060.10518163849, 90060.10517585976, 90060.10516916402, 90060.10516305559, 90060.10515489981, 90060.10514621598, 90060.10513688995, 90060.10512683798, 90060.10511207611, 90060.10509886348, 90060.10508340871, 90060.10506519537, 90060.10504469322, 90060.10502299013, 90060.10499647637, 90060.10496883992, 90060.10493756711, 90060.10490177148, 90060.10486378238, 90060.10482065262, 90060.10476853898, 90060.10471307139, 90060.10465035851, 90060.10458198591, 90060.10450108597, 90060.10441483914, 90060.10431378086, 90060.10420142233, 90060.10407320914, 90060.10393515542, 90060.10377425002, 90060.10359521562, 90060.10339759225, 90060.10317187106, 90060.10292187, 90060.1026393266, 90060.10232196671, 90060.1019662424, 90060.10156655002, 90060.10111764273, 90060.10061446701, 90060.10005084559, 90060.09941286281, 90060.09870826085, 90060.09790910078, 90060.09701651974, 90060.09601932761, 90060.09489759522, 90060.0936384933, 90060.09223184244, 90060.09065332988, 90060.08888302605, 90060.08690435029, 90060.08469117309, 90060.08221603182, 90060.07944279013, 90060.07634655338, 90060.07288890888, 90060.06903093834, 90060.06472197754, 90060.05991753923, 90060.0545733574, 90060.04862362894, 90060.04201066875, 90060.03467202278, 90060.02654603939, 90060.01753548499, 90060.0076040477, 90059.99666196656, 90059.98464524224, 90059.97146894032, 90059.95708268463, 90059.94144215599, 90059.9245228228, 90059.90630533405, 90059.88683906585, 90059.86619008116, 90059.84451538367, 90059.82204235187, 90059.79910047734, 90059.77613556298, 90059.75382457841, 90059.73299693219, 90059.71478358207, 90059.70064211419, 90059.69241392278, 90059.6924350105, 90059.70365131169, 90059.72972507555, 90059.77516051674, 90059.84552613608, 90059.94760352894, 90060.08963094189, 90060.28161492466, 90060.53559572165, 90060.86601359112, 90061.2902360834, 90061.82893673412, 90062.50675332372, 90063.35299611217, 90064.40239119415, 90065.69605995835, 90067.2826392583, 90069.21948376879, 90071.57421244666, 90074.42648072701, 90077.86991361415, 90082.01458944308, 90086.98958755122, 90092.94645148402, 90100.06265132225, 90108.54603161434, 90118.63978275907, 90130.62826714595, 90144.84380262662, 90161.67446703295, 90181.57328571359, 90205.06875782757, 90232.77719067923, 90265.41692650208, 90303.82503595663, 90348.97636008325, 90402.00592200948, 90464.2348115857, 90537.20022861278, 90622.69023630866, 90722.78427963788, 90839.89999688734, 90976.84760162004, 91136.89301891159, 91323.83088086155, 91542.06944005484, 91796.72889617695, 92093.75528653368, 92440.05273250228, 92843.63663552792, 93313.81114285674, 93861.37502006225, 94498.8599975066, 95240.80711347608, 96104.0867501666, 97108.26925426841, 98276.05420569642, 99633.76728953856, 101211.93550087234, 103045.95265492487, 105176.84974570901, 107652.18590809402, 110527.07934919352, 113865.40010583811, 117741.14962325378, 122240.05691742287, 127461.42489745017, 133520.26572110067, 140549.77050079612, 148704.16448292858, 158162.00763392617, 169130.0081824591, 181847.42832287372, 196591.17126386022, 213681.65408994324, 233489.5854153597, 256443.78533914764, 283040.20617531077, 313852.3359580441, 349543.1942063993, 390879.15946344286, 438745.90367127093, 494166.74568354385, 558323.7796853405, 632582.1818356812, 718518.1510525049, 817950.998125376, 932979.9631584939, 1066026.41339844, 1219882.1554864994, 1397764.6864441389, 1603380.3096890622, 1840996.1548716996, 2115522.2652526605, 2432605.053415722, 2798733.5756279114, 3221360.236558617, 3709037.7114127153, 4271574.059318882, 4920208.203968269]
ThreeC111 norms: [6.371670811920756e-31, 7.153269483962898e-31, 8.030745124883522e-31, 9.015858748985786e-31, 1.012181406801184e-30, 1.136343446362526e-30, 1.2757361668714296e-30, 1.4322278820487646e-30, 1.6079160874997913e-30, 1.8051555739456057e-30, 2.0265899890421604e-30, 2.2751872708172616e-30, 2.5542794276485544e-30, 2.8676071979626718e-30, 3.2193701882403554e-30, 3.6142831613388814e-30, 4.057639229577938e-30, 4.555380799580388e-30, 5.114179219758854e-30, 5.741524197981931e-30, 6.445824187906821e-30, 7.236519089479485e-30, 8.124206774154482e-30, 9.120785130681464e-30, 1.0239611535332672e-29, 1.1495681883987551e-29, 1.2905831585684978e-29, 1.4488961211606457e-29, 1.626628982391873e-29, 1.8261639379900404e-29, 2.050175402329031e-29, 2.3016658542393648e-29, 2.584006079944767e-29, 2.900980352509991e-29, 3.2568371533510266e-29, 3.656346115639886e-29, 4.104861952830334e-29, 4.608396229153272e-29, 5.173697934039164e-29, 5.808343940425233e-29, 6.52084055938221e-29, 7.320737552220618e-29, 8.218756128208574e-29, 9.226932643484256e-29, 1.0358779927194695e-28, 1.162946839715215e-28, 1.3056029392545256e-28, 1.4657583449020491e-28, 1.6455596575760754e-28, 1.8474167969501455e-28, 2.0740353021785115e-28, 2.328452594879572e-28, 2.6140786904189205e-28, 2.9347419031546664e-28, 3.2947401582435575e-28, 3.6988985977519525e-28, 4.152634253180446e-28, 4.662028651222823e-28, 5.23390932591198e-28, 5.875941329679073e-28, 6.596729969870961e-28, 7.405936147727073e-28, 8.314405845732055e-28, 9.334315498893281e-28, 1.0479335198389977e-27, 1.1764811915049952e-27, 1.3207975198442702e-27, 1.4828168108621684e-27, 1.6647106475750322e-27, 1.8689169962528025e-27, 2.098172883059664e-27, 2.355551079065353e-27, 2.6445012853252886e-27, 2.9688963700426206e-27, 3.333084277540106e-27, 3.741946304789842e-27, 4.200962526595419e-27, 4.7162852463352315e-27, 5.2948214567451054e-27, 5.944325415981298e-27, 6.673502579783451e-27, 7.492126282764142e-27, 8.41116873273272e-27, 9.442948073800795e-27, 1.0601293489392141e-26, 1.1901730558070632e-26, 1.3361689346554743e-26, 1.500073802903974e-26, 1.6840845164081e-26, 1.890667414439913e-26, 2.1225913766187167e-26, 2.3829649348617828e-26, 2.675277937775613e-26, 3.0034483259251665e-26, 3.37187464492118e-26, 3.785495000171219e-26, 4.2498532434785305e-26, 4.771173278603742e-26, 5.356442481724384e-26, 6.013505354896238e-26, 6.751168667776701e-26, 7.579319496848882e-26, 8.509057744254417e-26, 9.552844912417031e-26, 1.072467112851731e-25, 1.2040242657488208e-25, 1.351719241681229e-25, 1.5175316314699876e-25, 1.70368385793464e-25, 1.9126709635538073e-25, 2.147294052111731e-25, 2.410697832557285e-25, 2.7064127682844257e-25, 3.0384023967711075e-25, 3.41111645381296e-25, 3.8295505143882894e-25, 4.299312949535483e-25, 4.8267000966812395e-25, 5.418780650945544e-25, 6.083490408540499e-25, 6.829738632130537e-25, 7.667527463794765e-25, 8.608085986111537e-25, 9.664020728217455e-25, 1.084948463411022e-24, 1.2180366757916378e-24, 1.367450522865508e-24, 1.5351926338916145e-24, 1.723511296201297e-24, 1.9349305895270426e-24, 2.172284216842304e-24, 2.438753485155026e-24, 2.7379099453207242e-24, 3.0737632623863495e-24, 3.4508149580826105e-24, 3.874118745788408e-24, 4.349348266650769e-24, 4.882873134743925e-24, 5.4818443105187626e-24, 6.154289946823008e-24, 6.909222992139755e-24, 7.756761993275308e-24, 8.708266716643673e-24, 9.776490405912654e-24, 1.0975750716755768e-23, 1.2322121619789889e-23, 1.3833648843819058e-23, 1.553059174702075e-23, 1.743569485793317e-23, 1.957449272576989e-23, 2.1975652166043658e-23, 2.467135648870027e-23, 2.7697736858660636e-23, 3.109535657040087e-23, 3.4909754727417007e-23, 3.919205661363777e-23, 4.399965893774238e-23, 4.9396999134870714e-23, 5.545641903686078e-23, 6.225913448699505e-23, 6.98963238952249e-23, 7.847035032404266e-23, 8.809613348490707e-23, 9.890269003441183e-23, 1.1103486281516396e-22, 1.2465526221877848e-22, 1.399464456915624e-22, 1.5711336459529802e-22, 1.7638611121899555e-22, 1.9802300276046008e-22, 2.2231404361301275e-22, 2.4958481236320644e-22, 2.802008255979169e-22, 3.1457243700990446e-22, 3.5316033746577936e-22, 3.964817297550333e-22, 4.451172607817984e-22, 4.997188041131327e-22, 5.610181971951806e-22, 6.298370503441627e-22, 7.070977589845036e-22, 7.93835866733617e-22, 8.912139450388549e-22, 1.0005371753985577e-21, 1.1232708430194949e-21, 1.2610599763823083e-21, 1.415751395948734e-21, 1.5894184675345882e-21, 1.7843888921240365e-21, 2.003275904598315e-21, 2.2490132995432467e-21, 2.52489475359442e-21, 2.8346179713669763e-21, 3.182334246668296e-21, 3.5727041032743294e-21, 4.010959761035931e-21, 4.502975264563701e-21, 5.055345214441987e-21, 5.6754731562261206e-21, 6.371670811920756e-21]

Optimization terminated successfully;
The returned value satisfies the termination criteria
(using xtol =  0.001 )
NGC4151 nullLLH: 90477.78013815875
NGC4151 TS: 0.29578303324524313
NGC4151 log_val: [90477.78013551296, 90477.78013514551, 90477.78013496712, 90477.78013408094, 90477.78013354578, 90477.78013310042, 90477.78013235102, 90477.78013160198, 90477.78013069037, 90477.78012952709, 90477.7801289566, 90477.78012724384, 90477.78012633881, 90477.78012465981, 90477.78012310989, 90477.78012056836, 90477.78011803853, 90477.78011558605, 90477.7801126143, 90477.78010959133, 90477.7801059309, 90477.78010272284, 90477.780098406, 90477.78009343144, 90477.78008693711, 90477.78008058193, 90477.7800725455, 90477.78006416833, 90477.78005571496, 90477.78004411963, 90477.78003262157, 90477.78001914153, 90477.78000479045, 90477.77998840711, 90477.77996949381, 90477.779949343, 90477.77992430552, 90477.77989740793, 90477.77986748013, 90477.7798341722, 90477.7797973597, 90477.77975370633, 90477.77970318742, 90477.77964924918, 90477.77959124873, 90477.77952263581, 90477.77944512462, 90477.77935896357, 90477.77926786954, 90477.77915590351, 90477.7790412279, 90477.77890556093, 90477.77875485392, 90477.77858301601, 90477.77839393188, 90477.7781810036, 90477.77793896422, 90477.77766871105, 90477.77736797021, 90477.77702950138, 90477.7766588469, 90477.77623415705, 90477.77575942347, 90477.77522728723, 90477.77462836976, 90477.7739630551, 90477.7732121558, 90477.7723761795, 90477.77143890945, 90477.77039250144, 90477.76922794443, 90477.76791960641, 90477.76646412414, 90477.76483797182, 90477.76302539413, 90477.76100884825, 90477.7587685873, 90477.75627433567, 90477.75351209985, 90477.75045946472, 90477.74707618335, 90477.74333978126, 90477.7392339086, 90477.73472293242, 90477.72979515359, 90477.7244193522, 90477.71857822489, 90477.71227765249, 90477.70551168565, 90477.69830245188, 90477.6906887082, 90477.68274209305, 90477.6745485676, 90477.66626325503, 90477.65807862626, 90477.65026786884, 90477.6431944239, 90477.63731481323, 90477.63324004845, 90477.63174035614, 90477.63378978574, 90477.64061709764, 90477.65374689312, 90477.6750668121, 90477.7068910622, 90477.75206703284, 90477.81406979662, 90477.89709598763, 90478.00623867763, 90478.14759953713, 90478.32853501817, 90478.55783585142, 90478.84598243482, 90479.20549482047, 90479.65119504975, 90480.2007255462, 90480.87491723955, 90481.69845049772, 90482.70045006508, 90483.91527569875, 90485.38340742141, 90487.15250509826, 90489.2786569621, 90491.82771523153, 90494.87710948027, 90498.51764946956, 90502.8558788649, 90508.01661709846, 90514.14611566259, 90521.4155623988, 90530.02519508134, 90540.20909051123, 90552.24077391288, 90566.43968131332, 90583.17859069536, 90602.89236774735, 90626.08809025555, 90653.3566932878, 90685.3866112896, 90722.97952739903, 90767.06863836001, 90818.7399382168, 90879.25675510909, 90950.08835575248, 91032.94301264416, 91129.8064528874, 91242.98641764392, 91375.16418138571, 91529.45457565163, 91709.47531165581, 91919.42741993951, 92164.18846781888, 92449.42062026677, 92781.69572989017, 93168.64039787493, 93619.10389790733, 94143.35292164804, 94753.29685760534, 95462.74914883687, 96287.72959826856, 97246.81478382176, 98361.5436362479, 99656.88710577076, 101161.79166302014, 102909.80848574323, 104939.82139762984, 107296.88915689755, 110033.22011625265, 113209.29943572464, 116895.19349567371, 121172.05844406245, 126133.88543037538, 131889.51853116095, 138564.98872038524, 146306.2114920578, 155282.10497535934, 165688.1921694761, 177750.76162046025, 191731.6712595289, 207933.89298976728, 226707.9108528562, 248459.1019485574, 273656.24955482286, 302841.35987541056, 336640.97956045694, 375779.24011677515, 421092.8874867314, 473548.59132802766, 534262.8691156572, 604525.004165151, 685823.3873848595, 779875.7663938338, 888663.9483372588, 1014473.570004125, 1159939.626358041, 1328098.5333935553, 1522447.5972379774, 1747012.8672142327, 2006426.4679300098, 2306014.634511553]
NGC4151 norms: [3.5442624339991754e-31, 3.979029215515863e-31, 4.467127870117701e-31, 5.015100499933131e-31, 5.630291712192885e-31, 6.32094706074396e-31, 7.096323563165187e-31, 7.966813774770968e-31, 8.944085082497383e-31, 1.0041236085658598e-30, 1.1272972159582845e-30, 1.2655802555248235e-30, 1.4208261676692972e-30, 1.5951157502031885e-30, 1.7907850477726557e-30, 2.0104566624193793e-30, 2.257074904938341e-30, 2.5339452581742534e-30, 2.8447786811927904e-30, 3.193741348145732e-30, 3.5855104884921856e-30, 4.025337077015183e-30, 4.51911621388319e-30, 5.073466138076848e-30, 5.6958169332172294e-30, 6.394510114740164e-30, 7.178910433207761e-30, 8.05953139228289e-30, 9.048176163714722e-30, 1.0158095788051201e-29, 1.1404166781481086e-29, 1.2803090529311326e-29, 1.43736171385993e-29, 1.6136796750288112e-29, 1.81162616792426e-29, 2.033854316377452e-29, 2.2833426970128272e-29, 2.5634352618175615e-29, 2.8778861579238493e-29, 3.230910045333951e-29, 3.627238587008781e-29, 4.072183868469649e-29, 4.5717095969415005e-29, 5.132511034336323e-29, 5.76210473543803e-29, 6.468929294070316e-29, 7.262458447572846e-29, 8.15332805555139e-29, 9.153478654829111e-29, 1.0276315501295734e-28, 1.1536888243734413e-28, 1.2952092637836367e-28, 1.4540897004025525e-28, 1.6324596464359363e-28, 1.8327098366104937e-28, 2.0575242717588656e-28, 2.309916193119979e-28, 2.593268469526576e-28, 2.9113789387992143e-28, 3.2685113110679824e-28, 3.6694523162915945e-28, 4.119575861935174e-28, 4.62491506072768e-28, 5.192243093903763e-28, 5.829163993759825e-28, 6.544214562303731e-28, 7.346978792038618e-28, 8.248216322489145e-28, 9.26000665420442e-28, 1.0395911053170974e-27, 1.1671154315679986e-27, 1.3102828829885546e-27, 1.4710123669140875e-27, 1.6514581787703072e-27, 1.8540388766062954e-27, 2.081469697602075e-27, 2.3367989510371436e-27, 2.6234488755032693e-27, 2.9452615079807207e-27, 3.3065501795718106e-27, 3.712157328101658e-27, 4.167519402461764e-27, 4.6787397286248555e-27, 5.252670313971844e-27, 5.897003686373104e-27, 6.620375998965539e-27, 7.432482782563115e-27, 8.344208897157572e-27, 9.367774424280993e-27, 1.0516898455659151e-26, 1.1806982973454149e-26, 1.3255319286687827e-26, 1.4881319790760738e-26, 1.670677815639573e-26, 1.8756161435380006e-26, 2.1056937998267412e-26, 2.3639945699470076e-26, 2.6539805204340766e-26, 2.9795384018167887e-26, 3.3450317436576155e-26, 3.7553593399750816e-26, 4.216020908942855e-26, 4.7331908069179406e-26, 5.313800784804405e-26, 5.965632895956363e-26, 6.697423800886237e-26, 7.518981866799267e-26, 8.441318631467697e-26, 9.476796393485168e-26, 1.063929390708928e-25, 1.194439240239916e-25, 1.3409584424340915e-25, 1.505450828938007e-25, 1.6901211302538513e-25, 1.8974445262656671e-25, 2.1301998216629525e-25, 2.391506690919474e-25, 2.684867492030774e-25, 3.0142142094497696e-25, 3.383961155407623e-25, 3.7990641359885484e-25, 4.265086874975073e-25, 4.788275585758449e-25, 5.375642690819613e-25, 6.035060810892122e-25, 6.77536828356661e-25, 7.606487625627555e-25, 8.539558526900824e-25, 9.587087158161011e-25, 1.0763113794306803e-24, 1.2083400999497918e-24, 1.356564489654464e-24, 1.522971235224207e-24, 1.7097907257701706e-24, 1.919526947269847e-24, 2.1549910440854438e-24, 2.419338997399144e-24, 2.7161139255779973e-24, 3.0492935734303596e-24, 3.423343626863888e-24, 3.843277567533706e-24, 4.3147238697271124e-24, 4.844001440140529e-24, 5.438204311685731e-24, 6.1052967264971135e-24, 6.854219882559415e-24, 7.695011774706513e-24, 8.638941736249237e-24, 9.698661484524554e-24, 1.088837469486624e-23, 1.2224027375837041e-23, 1.3723521597366177e-23, 1.5406955436442616e-23, 1.7296892356411465e-23, 1.941866363042863e-23, 2.1800707862528676e-23, 2.4474952156984706e-23, 2.747724004486565e-23, 3.084781190339167e-23, 3.463184430726103e-23, 3.888005554100613e-23, 4.364938538819803e-23, 4.9003758308883623e-23, 5.50149402342963e-23, 6.176350046266777e-23, 6.933989154865718e-23, 7.784566166041272e-23, 8.739481565377147e-23, 9.811534310640822e-23, 1.1015093379252065e-22, 1.2366290359098593e-22, 1.388323566403743e-22, 1.558626127207079e-22, 1.7498193239673499e-22, 1.9644657644846337e-22, 2.2054424059521774e-22, 2.475979115496678e-22, 2.779701960853924e-22, 3.1206818114155106e-22, 3.503488901057537e-22, 3.933254084070104e-22, 4.415737605215289e-22, 4.957406305655051e-22, 5.565520299558213e-22, 6.248230283134293e-22, 7.014686780349203e-22, 7.8751627895703605e-22, 8.841191475002147e-22, 9.925720748423425e-22, 1.114328681312259e-21, 1.2510208996080824e-21, 1.404480847978498e-21, 1.5767653865386096e-21, 1.7701836858542144e-21, 1.9873281773031124e-21, 2.231109300048184e-21, 2.5047945103443593e-21, 2.8120520760304045e-21, 3.157000243193535e-21, 3.544262433999176e-21]

Optimization terminated successfully;
The returned value satisfies the termination criteria
(using xtol =  0.001 )

Total nullLLH: 807460.8215027642
10:59:27 WARNING   The current value of the parameter K (1.0)   parameter.py:794
                  was above the new maximum 0.001.                              
Loaded clm YML File
10:59:27 INFO      set the minimizer to minuit          joint_likelihood.py:1045
         INFO      set the minimizer to ROOT            joint_likelihood.py:1062
         WARNING   get_number_of_data_points not         plugin_prototype.py:130
                  implemented, values for statistical                           
                  measurements such as AIC or BIC are                           
                  unreliable                                                    
         WARNING   49.86 percent of samples have been   analysis_results.py:1740
                  thrown away because they failed the                           
                  constraints on the parameters. This                           
                  results might not be suitable for                             
                  error propagation. Enlarge the                                
                  boundaries until you loose less than                          
                  1 percent of the samples.                                     
         WARNING   The current value of the parameter K (1.0)   parameter.py:794
                  was above the new maximum 0.001.                              
Parameter results:                                            value  negative_error  \
finalNorm.spectrum.main.Powerlaw.K  1.000000e-35    1.030084e-47   

                                    positive_error         error  \
finalNorm.spectrum.main.Powerlaw.K    7.247870e-47  4.138977e-47   

                                               unit  
finalNorm.spectrum.main.Powerlaw.K  1 / (keV s cm2)  
Likelihood results:          -log(likelihood)
stacked      3.110085e+08
total        3.110085e+08
total Alt LLH: 311008512.2525419
total Null LLH:  807460.8215027642
Total TS: -620402102.8620783
TS not computed through lh.compute_TS()

Optimization terminated successfully;
The returned value satisfies the termination criteria
(using xtol =  0.001 )
