56.234132519    1.90007037122e-11   
100.0           1.54985571981e-11   
177.827941004   1.3020783252e-11    
316.227766017   1.14927854223e-11   
562.34132519    9.3513045592e-12    
1000.0          7.2537777468e-12     
1778.27941004	5.47640918717e-12   
3162.27766017   4.18577751554e-12   
5623.4132519    3.54280524596e-12   
10000.0   	2.73084566128e-12   
17782.7941004   2.49204200436e-12   
31622.7766017   2.56650640354e-12   
56234.132519   	2.94382733299e-12   
100000.0   	3.80183361106e-12   
177827.941004   5.2426413181e-12    
316227.766017   9.09229737311e-12   
562341.32519   	1.6304924572e-11    
1000000.0   	3.0439898185e-11    
