0.19421746814890245  2.505208811916495e-12
0.2910475608308271  1.7489386141237065e-12
0.4939621743878321  1.1888977596422142e-12
0.5479472336900287  1.1272574685951871e-12
0.8738591569173056  9.481534130692847e-13
0.9794696670695385  9.23247029649066e-13
1.5947870582948207  9.110402659681024e-13
2.880444153396295  1.0269769440034806e-12
3.26222200971167  1.06881301625636e-12
5.043159487171353  1.358150747137578e-12
5.7115864781264225  1.4907691765899793e-12
8.296958520834899  2.0518174939528224e-12
9.20373199661822  2.252169932107766e-12
13.650078065460137  3.3130745918951228e-12
