0.2024446509976804  1.5933535001731395e-12
0.29408201705870635  1.0976463251460945e-12
0.5043159487171359  7.561582881487442e-13
0.5594325706169377  7.169540617288536e-13
0.8829699955494092  6.111209436540949e-13
1.45265392594678  6.445380412393671e-13
2.543345761304648  6.981208934778449e-13
3.851107002325565  7.765571279458975e-13
5.256791122018414  9.110402659681024e-13
6.742622241778335  1.0976463251460945e-12
8.738591569173048  1.3224744285330135e-12
11.562801312073754  1.5514988038209998e-12
13.231882072236434  1.6582621162300505e-12
