0.02506461469740716 1.790655529692383e-11
0.039896882999101095 6.505085543980897e-12
0.0628234909929478 1.7659888279638315e-12
0.1000000000000001 8.949674265472534e-13
0.15917612730439584 5.662549978603198e-13
0.25064614697407134 3.948076345202096e-13
0.3989688299910105 3.033386229164355e-13
0.6282349099294777 2.3631646194831645e-13
1 1.8667421656236564e-13
1.5746465956842601 1.6940088022878757e-13
2.506461469740711 1.5805024766739774e-13
3.989688299910101 1.6476595119256586e-13
6.282349099294764 2.1744498587098424e-13
9.99999999999999 2.752700971548755e-13
15.74646595684258 4.1158338186665036e-13
25.06461469740711 6.781492740831116e-13
39.89688299910097 1.1329659751376414e-12
63.506313273134694 1.7176701127049784e-12
99.99999999999969 2.8301354995487525e-12
159.17612730439538 5.3569261916035425e-12
