0.0628234909929477 3.5333997264775907e-12
0.1 9.074680121782867e-13
0.15917612730439568 5.662549978603198e-13
0.25064614697407134 3.7349875338814437e-13
0.3989688299910105 2.60412993931393e-13
0.635063132731349 1.8156667671079916e-13
0.9892479622104599 1.3197203930613797e-13
1.5746465956842617 1.0424909395858759e-13
2.506461469740711 1.0000000000000081e-13
3.9896882999101053 9.329954333999956e-14
6.282349099294771 1.0139676431345301e-13
10.00000000000001 1.0281303813237854e-13
15.917612730439568 1.5805024766739774e-13
25.064614697407134 1.9732436908647688e-13
39.467910205409815 3.2512337366006037e-13
62.82349099294777 4.2907194648009494e-13
100 6.876214211354423e-13
157.46465956842633 1.0867873591186421e-12
