0.2024446509976804  2.6421977470996577e-12
0.21102034285685944  2.31292659425256e-12
0.2222525982722885  2.079309200083425e-12
0.23652326959877282  1.7723721341914876e-12
0.25433457613046484  1.5107435594150411e-12
0.27633852900531697  1.304989256845696e-12
0.3033765316668089  1.1272574685951871e-12
0.34004119327037063  9.867784425089392e-13
0.3851107002325569  9.110402659681024e-13
0.4499384969056106  8.75379822267834e-13
0.50957393702336  8.411152194457387e-13
0.5831305113526218  7.765571279458975e-13
0.6673049160573187  7.265603207807862e-13
0.7636298261282242  6.797824406420966e-13
0.8829699955494092  6.445380412393671e-13
1.0209606623060465  6.360162444719425e-13
1.3650078065460138  6.111209436540949e-13
1.5783314056521165  5.950678320700704e-13
1.7875255259042335  5.872001085172727e-13
2.0884295030495994  6.111209436540949e-13
2.340827276178292  6.619257078859946e-13
2.651083601908536  7.561582881487442e-13
3.002461709085549  8.081918207235017e-13
3.4716868189265595  8.523850777558164e-13
3.9728219261025446  8.638059376212018e-13
4.6415888336127775  8.638059376212018e-13
5.256791122018414  9.110402659681024e-13
6.883952069645496  1.0976463251460945e-12
7.71591415894083  1.204827455106726e-12
