0.03213973218365538 1.7176701127049784e-10
0.0495262768198624 7.472982683491889e-11
0.06703337407172044 4.5355139392592705e-11
0.09271204277622544 2.8301354995487525e-11
0.13389382961641558 1.8667421656236562e-11
0.19336816526220452 1.265929844518013e-11
0.279260421813247 8.350005220103265e-12
0.4033051825545545 5.662549978603198e-12
0.5699917169459958 3.6327956081527494e-12
0.7883400943991163 2.3306114701824233e-12
1.1633963569829164 1.5805024766739775e-12
1.7355479611367524 1.148790839561924e-12
2.589080417285653 8.121543115331461e-13
6.41965570808263 5.662549978603198e-13
10.441895503418124 5.067797782045688e-13
16.265507027536252 4.0591372382880314e-13
24.003893439847545 2.7911497163753994e-13
33.924732502827844 1.7659888279638317e-13
47.94586671001886 1.1329659751376414e-13
67.76195315271165 7.472982683491889e-14
101.08689006197363 5.356926191603564e-14
162.6550702753625 5.1385829729432444e-14
242.64789372131938 6.876214211354423e-14
294.77019455249814 8.584894051000333e-14
